current work directory:  /home/imsuhan22/few-shot-tc/JointMatch_SSL/codebert/code
python_extended_data
save_name: 5_unixcoder-base_0.0005_0.7_30_python_extended_data

data_path:  ../data/../data/problem_based_split/python_extended_data

There are 1 GPU(s) available.
We will use the GPU- 0 NVIDIA GeForce RTX 3090

**line 147 모델 =>  microsoft/unixcoder-base
**tokenizer type =  microsoft/unixcoder-base 

n_labeled_per_class:  5
train_df samples: 3974
train_labeled_df samples: 35
train_unlabeled_df samples: 3939
n_classes:  7 

net_arch:  microsoft/unixcoder-base lr:  0.0005

line 303 => train data수 35
line 258 => 인스턴스 수 5
=======test_loader=======
=======dev_loader=======
=======train_labeled_loader=======
=======finish=======
>>Epoch 1 Step 0 acc_test 0.170082 f1_test 0.119786 acc_val 0.159609 f1_val 0.097550 acc_train 0.200000 f1_train 0.141657 psl_cor 0 psl_totl 0 pslt_global 0.000000  Tim 0:00:17
acc_train_cw(현재 train의 class별 acc) [0.8, 0.4, 0.0, 0.2, 0.0, 0.0, 0.0]
cw_psl_total_eval(이전 pseudo label 클래스별 총 샘플 수):  [0, 0, 0, 0, 0, 0, 0]
cw_psl_correct_eval(이전 pseudo label 클래스별 맞은 샘플 수):  [0, 0, 0, 0, 0, 0, 0]
psl_acc(PSL 평가에서의 정확도): None 
cw_psl_acc(이전 클래스별 PSL 평가에서의 정확도):  [nan, nan, nan, nan, nan, nan, nan]
Save model to ./experiment/few_shot/output/
tensor([[0.1199, 0.1787, 0.1689, 0.0859, 0.0955, 0.1450, 0.2061],
        [0.1139, 0.1884, 0.1909, 0.0763, 0.0999, 0.1480, 0.1826],
        [0.0299, 0.4335, 0.0852, 0.0595, 0.0410, 0.0772, 0.2738],
        [0.1449, 0.1723, 0.1570, 0.1052, 0.0769, 0.1676, 0.1762],
        [0.0971, 0.2036, 0.1425, 0.0780, 0.0857, 0.1563, 0.2368],
        [0.0999, 0.2350, 0.1839, 0.0809, 0.0840, 0.1554, 0.1610],
        [0.1161, 0.2041, 0.1666, 0.1078, 0.0938, 0.1416, 0.1699]],
       device='cuda:0')

line 303 => train data수 38
line 258 => 인스턴스 수 6
=======test_loader=======
=======dev_loader=======
=======train_labeled_loader=======
=======finish=======
>>Epoch 2 Step 5 acc_test 0.227459 f1_test 0.090514 acc_val 0.114007 f1_val 0.045074 acc_train 0.210526 f1_train 0.093906 psl_cor 0 psl_totl 3 pslt_global 0.700000  Tim 0:01:05
acc_train_cw(현재 train의 class별 acc) [0.0, 0.6, 0.0, 0.0, 0.0, 0.0, 1.0]
cw_psl_total_eval(이전 pseudo label 클래스별 총 샘플 수):  [0, 0, 0, 2, 1, 0, 0]
cw_psl_correct_eval(이전 pseudo label 클래스별 맞은 샘플 수):  [0, 0, 0, 0, 0, 0, 0]
psl_acc(이전 PSL 평가에서의 정확도):  0.0 
cw_psl_acc(이전 클래스별 PSL 평가에서의 정확도):  [nan, nan, nan, 0.0, 0.0, nan, nan]
train batch instace수가 7안됨 pass
tensor([[0.1573, 0.1161, 0.1235, 0.2968, 0.1316, 0.0274, 0.1472],
        [0.1769, 0.1093, 0.1005, 0.3472, 0.1009, 0.0296, 0.1356],
        [0.1211, 0.1143, 0.1149, 0.3545, 0.1348, 0.0376, 0.1229],
        [0.1579, 0.1281, 0.1032, 0.3663, 0.0972, 0.0216, 0.1257],
        [0.1449, 0.0995, 0.0993, 0.3701, 0.1304, 0.0260, 0.1298],
        [0.1242, 0.0768, 0.1396, 0.4050, 0.0920, 0.0306, 0.1318],
        [0.1590, 0.0878, 0.0999, 0.3821, 0.0995, 0.0246, 0.1472]],
       device='cuda:0')

line 303 => train data수 63
line 258 => 인스턴스 수 9
=======test_loader=======
=======dev_loader=======
=======train_labeled_loader=======
=======finish=======
>>Epoch 3 Step 11 acc_test 0.161885 f1_test 0.039809 acc_val 0.387622 f1_val 0.079812 acc_train 0.222222 f1_train 0.051948 psl_cor 7 psl_totl 25 pslt_global 0.700000  Tim 0:01:56
acc_train_cw(현재 train의 class별 acc) [0.0, 0.0, 0.0, 1.0, 0.0, 0.0, 0.0]
cw_psl_total_eval(이전 pseudo label 클래스별 총 샘플 수):  [0, 6, 0, 7, 12, 0, 0]
cw_psl_correct_eval(이전 pseudo label 클래스별 맞은 샘플 수):  [0, 1, 0, 1, 5, 0, 0]
psl_acc(이전 PSL 평가에서의 정확도):  0.28 
cw_psl_acc(이전 클래스별 PSL 평가에서의 정확도):  [nan, 0.1666666716337204, nan, 0.1428571492433548, 0.4166666567325592, nan, nan]
Save model to ./experiment/few_shot/output/
tensor([[0.0881, 0.1106, 0.0473, 0.3037, 0.3269, 0.0637, 0.0597],
        [0.0919, 0.0854, 0.0613, 0.3266, 0.3142, 0.0686, 0.0520],
        [0.0816, 0.1366, 0.0528, 0.2466, 0.3488, 0.0795, 0.0541],
        [0.0838, 0.0953, 0.0514, 0.3172, 0.3447, 0.0601, 0.0475],
        [0.0829, 0.0844, 0.0501, 0.3375, 0.3199, 0.0701, 0.0552],
        [0.1004, 0.0860, 0.0464, 0.2753, 0.3445, 0.0890, 0.0585],
        [0.0660, 0.0769, 0.0396, 0.3697, 0.3499, 0.0587, 0.0391]],
       device='cuda:0')

line 303 => train data수 84
line 258 => 인스턴스 수 12
=======test_loader=======
=======dev_loader=======
=======train_labeled_loader=======
=======finish=======
>>Epoch 4 Step 20 acc_test 0.161885 f1_test 0.039809 acc_val 0.387622 f1_val 0.079812 acc_train 0.130952 f1_train 0.033083 psl_cor 2 psl_totl 24 pslt_global 0.700000  Tim 0:03:02
acc_train_cw(현재 train의 class별 acc) [0.0, 0.0, 0.0, 1.0, 0.0, 0.0, 0.0]
cw_psl_total_eval(이전 pseudo label 클래스별 총 샘플 수):  [0, 11, 0, 0, 13, 0, 0]
cw_psl_correct_eval(이전 pseudo label 클래스별 맞은 샘플 수):  [0, 1, 0, 0, 1, 0, 0]
psl_acc(이전 PSL 평가에서의 정확도):  0.083 
cw_psl_acc(이전 클래스별 PSL 평가에서의 정확도):  [nan, 0.09090909361839294, nan, nan, 0.07692307978868484, nan, nan]
tensor([[0.0529, 0.2297, 0.0685, 0.0559, 0.4417, 0.0655, 0.0859],
        [0.0821, 0.2549, 0.0574, 0.0501, 0.3910, 0.0737, 0.0908],
        [0.0551, 0.2424, 0.0846, 0.0558, 0.4240, 0.0626, 0.0754],
        [0.0474, 0.2271, 0.0754, 0.0586, 0.4445, 0.0621, 0.0849],
        [0.0527, 0.2104, 0.0691, 0.0539, 0.4685, 0.0635, 0.0819],
        [0.0494, 0.2126, 0.0864, 0.0559, 0.4651, 0.0552, 0.0753],
        [0.0523, 0.2582, 0.0736, 0.0493, 0.4296, 0.0578, 0.0792]],
       device='cuda:0')

line 303 => train data수 122
line 258 => 인스턴스 수 18
=======test_loader=======
=======dev_loader=======
=======train_labeled_loader=======
=======finish=======
>>Epoch 5 Step 32 acc_test 0.043033 f1_test 0.011788 acc_val 0.143322 f1_val 0.035816 acc_train 0.270492 f1_train 0.060829 psl_cor 5 psl_totl 38 pslt_global 0.700000  Tim 0:03:49
acc_train_cw(현재 train의 class별 acc) [0.0, 0.0, 0.0, 0.0, 1.0, 0.0, 0.0]
cw_psl_total_eval(이전 pseudo label 클래스별 총 샘플 수):  [0, 36, 0, 0, 2, 0, 0]
cw_psl_correct_eval(이전 pseudo label 클래스별 맞은 샘플 수):  [0, 5, 0, 0, 0, 0, 0]
psl_acc(이전 PSL 평가에서의 정확도):  0.132 
cw_psl_acc(이전 클래스별 PSL 평가에서의 정확도):  [nan, 0.1388888955116272, nan, nan, 0.0, nan, nan]
train batch instace수가 7안됨 pass
tensor([[0.0190, 0.3942, 0.0131, 0.0721, 0.4560, 0.0230, 0.0227],
        [0.0172, 0.4636, 0.0193, 0.0981, 0.3583, 0.0214, 0.0221],
        [0.0235, 0.4064, 0.0270, 0.1140, 0.3720, 0.0286, 0.0286],
        [0.0199, 0.4284, 0.0126, 0.0849, 0.4130, 0.0224, 0.0188],
        [0.0184, 0.4017, 0.0119, 0.0835, 0.4408, 0.0224, 0.0213],
        [0.0203, 0.4151, 0.0147, 0.0911, 0.4086, 0.0256, 0.0245],
        [0.0111, 0.4451, 0.0070, 0.0578, 0.4492, 0.0153, 0.0145]],
       device='cuda:0')

line 303 => train data수 124
line 258 => 인스턴스 수 18
=======test_loader=======
=======dev_loader=======
=======train_labeled_loader=======
=======finish=======
>>Epoch 6 Step 50 acc_test 0.043033 f1_test 0.011788 acc_val 0.143322 f1_val 0.035816 acc_train 0.225806 f1_train 0.052632 psl_cor 2 psl_totl 9 pslt_global 0.700000  Tim 0:04:47
acc_train_cw(현재 train의 class별 acc) [0.0, 0.0, 0.0, 0.0, 1.0, 0.0, 0.0]
cw_psl_total_eval(이전 pseudo label 클래스별 총 샘플 수):  [0, 9, 0, 0, 0, 0, 0]
cw_psl_correct_eval(이전 pseudo label 클래스별 맞은 샘플 수):  [0, 2, 0, 0, 0, 0, 0]
psl_acc(이전 PSL 평가에서의 정확도):  0.222 
cw_psl_acc(이전 클래스별 PSL 평가에서의 정확도):  [nan, 0.2222222238779068, nan, nan, nan, nan, nan]
train batch instace수가 7안됨 pass
tensor([[0.0737, 0.3769, 0.0434, 0.0749, 0.2851, 0.0726, 0.0734],
        [0.0623, 0.3615, 0.0504, 0.0777, 0.3055, 0.0756, 0.0670],
        [0.0766, 0.3959, 0.0422, 0.0873, 0.2553, 0.0706, 0.0721],
        [0.0460, 0.3908, 0.0552, 0.0852, 0.2854, 0.0783, 0.0591],
        [0.0584, 0.3875, 0.0426, 0.0788, 0.2927, 0.0741, 0.0660],
        [0.0694, 0.3802, 0.0479, 0.0927, 0.2650, 0.0716, 0.0731],
        [0.0611, 0.3860, 0.0525, 0.0765, 0.2866, 0.0625, 0.0749]],
       device='cuda:0')

line 303 => train data수 124
line 258 => 인스턴스 수 18
=======test_loader=======
=======dev_loader=======
=======train_labeled_loader=======
=======finish=======
>>Epoch 7 Step 68 acc_test 0.278689 f1_test 0.062271 acc_val 0.006515 f1_val 0.001849 acc_train 0.540323 f1_train 0.100224 psl_cor 0 psl_totl 0 pslt_global 0.700000  Tim 0:05:49
acc_train_cw(현재 train의 class별 acc) [0.0, 1.0, 0.0, 0.0, 0.0, 0.0, 0.0]
cw_psl_total_eval(이전 pseudo label 클래스별 총 샘플 수):  [0, 0, 0, 0, 0, 0, 0]
cw_psl_correct_eval(이전 pseudo label 클래스별 맞은 샘플 수):  [0, 0, 0, 0, 0, 0, 0]
psl_acc(PSL 평가에서의 정확도): None 
cw_psl_acc(이전 클래스별 PSL 평가에서의 정확도):  [nan, nan, nan, nan, nan, nan, nan]
train batch instace수가 7안됨 pass
tensor([[0.0135, 0.7462, 0.0209, 0.0356, 0.1373, 0.0198, 0.0266],
        [0.0228, 0.6994, 0.0222, 0.0490, 0.1487, 0.0237, 0.0343],
        [0.0217, 0.6820, 0.0226, 0.0523, 0.1675, 0.0235, 0.0305],
        [0.0250, 0.6622, 0.0268, 0.0514, 0.1654, 0.0255, 0.0437],
        [0.0183, 0.7226, 0.0224, 0.0430, 0.1462, 0.0215, 0.0260],
        [0.0286, 0.6229, 0.0277, 0.0654, 0.1783, 0.0361, 0.0410],
        [0.0245, 0.6529, 0.0336, 0.0524, 0.1666, 0.0269, 0.0430]],
       device='cuda:0')

line 303 => train data수 726
line 258 => 인스턴스 수 104
=======test_loader=======
=======dev_loader=======
=======train_labeled_loader=======
=======finish=======
>>Epoch 8 Step 86 acc_test 0.278689 f1_test 0.062271 acc_val 0.006515 f1_val 0.001849 acc_train 0.929752 f1_train 0.137657 psl_cor 80 psl_totl 618 pslt_global 0.700000  Tim 0:06:41
acc_train_cw(현재 train의 class별 acc) [0.0, 1.0, 0.0, 0.0, 0.0, 0.0, 0.0]
cw_psl_total_eval(이전 pseudo label 클래스별 총 샘플 수):  [0, 618, 0, 0, 0, 0, 0]
cw_psl_correct_eval(이전 pseudo label 클래스별 맞은 샘플 수):  [0, 80, 0, 0, 0, 0, 0]
psl_acc(이전 PSL 평가에서의 정확도):  0.129 
cw_psl_acc(이전 클래스별 PSL 평가에서의 정확도):  [nan, 0.12944984436035156, nan, nan, nan, nan, nan]
train batch instace수가 7안됨 pass
tensor([[0.0061, 0.8970, 0.0137, 0.0220, 0.0263, 0.0153, 0.0196],
        [0.0042, 0.9202, 0.0114, 0.0158, 0.0265, 0.0096, 0.0125],
        [0.0081, 0.8829, 0.0148, 0.0242, 0.0292, 0.0177, 0.0231],
        [0.0021, 0.9487, 0.0089, 0.0111, 0.0170, 0.0056, 0.0066],
        [0.0058, 0.9105, 0.0118, 0.0190, 0.0249, 0.0128, 0.0153],
        [0.0072, 0.8902, 0.0155, 0.0230, 0.0287, 0.0156, 0.0198],
        [0.0061, 0.9117, 0.0118, 0.0173, 0.0262, 0.0128, 0.0141]],
       device='cuda:0')
**bs에 맞지않음!!!!!**


line 303 => train data수 3902
line 258 => 인스턴스 수 558
=======test_loader=======
=======dev_loader=======
=======train_labeled_loader=======
=======finish=======
>>Epoch 9 Step 190 acc_test 0.278689 f1_test 0.062271 acc_val 0.006515 f1_val 0.001849 acc_train 0.992568 f1_train 0.142324 psl_cor 509 psl_totl 3939 pslt_global 0.700000  Tim 0:08:35
acc_train_cw(현재 train의 class별 acc) [0.0, 1.0, 0.0, 0.0, 0.0, 0.0, 0.0]
cw_psl_total_eval(이전 pseudo label 클래스별 총 샘플 수):  [0, 3939, 0, 0, 0, 0, 0]
cw_psl_correct_eval(이전 pseudo label 클래스별 맞은 샘플 수):  [0, 509, 0, 0, 0, 0, 0]
psl_acc(이전 PSL 평가에서의 정확도):  0.129 
cw_psl_acc(이전 클래스별 PSL 평가에서의 정확도):  [nan, 0.1292206197977066, nan, nan, nan, nan, nan]
train batch instace수가 7안됨 pass
tensor([[9.8908e-04, 9.9724e-01, 1.4175e-04, 7.3534e-04, 3.8054e-04, 2.2213e-04,
         2.9613e-04],
        [7.0706e-04, 9.9802e-01, 1.2514e-04, 4.7402e-04, 2.9812e-04, 1.7545e-04,
         2.0498e-04],
        [1.6447e-03, 9.9553e-01, 3.2257e-04, 1.0063e-03, 5.8416e-04, 4.5821e-04,
         4.5232e-04],
        [1.0089e-03, 9.9694e-01, 1.8205e-04, 1.0371e-03, 3.1224e-04, 2.4968e-04,
         2.7499e-04],
        [1.0403e-03, 9.9686e-01, 2.0107e-04, 8.5424e-04, 4.6100e-04, 2.8345e-04,
         3.0048e-04],
        [9.7549e-04, 9.9740e-01, 1.3729e-04, 6.2564e-04, 3.7351e-04, 2.2023e-04,
         2.6664e-04],
        [1.2676e-03, 9.9650e-01, 2.3836e-04, 7.9742e-04, 4.5519e-04, 3.2239e-04,
         4.1955e-04]], device='cuda:0')
**bs에 맞지않음!!!!!**


line 303 => train data수 3902
line 258 => 인스턴스 수 558
=======test_loader=======
=======dev_loader=======
=======train_labeled_loader=======
=======finish=======
>>Epoch 10 Step 748 acc_test 0.278689 f1_test 0.062271 acc_val 0.006515 f1_val 0.001849 acc_train 0.992568 f1_train 0.142324 psl_cor 509 psl_totl 3939 pslt_global 0.700000  Tim 0:11:39
acc_train_cw(현재 train의 class별 acc) [0.0, 1.0, 0.0, 0.0, 0.0, 0.0, 0.0]
cw_psl_total_eval(이전 pseudo label 클래스별 총 샘플 수):  [0, 3939, 0, 0, 0, 0, 0]
cw_psl_correct_eval(이전 pseudo label 클래스별 맞은 샘플 수):  [0, 509, 0, 0, 0, 0, 0]
psl_acc(이전 PSL 평가에서의 정확도):  0.129 
cw_psl_acc(이전 클래스별 PSL 평가에서의 정확도):  [nan, 0.1292206197977066, nan, nan, nan, nan, nan]
train batch instace수가 7안됨 pass
tensor([[2.0299e-04, 9.9628e-01, 1.2736e-03, 5.7514e-04, 4.9213e-04, 3.1562e-04,
         8.6158e-04],
        [1.1268e-04, 9.9701e-01, 1.0236e-03, 5.4452e-04, 3.7784e-04, 3.1700e-04,
         6.1436e-04],
        [1.4206e-04, 9.9671e-01, 1.1596e-03, 5.3926e-04, 4.2618e-04, 3.1436e-04,
         7.0733e-04],
        [3.1371e-04, 9.9419e-01, 1.8805e-03, 9.3795e-04, 7.1560e-04, 7.6880e-04,
         1.1948e-03],
        [5.6128e-05, 9.9804e-01, 7.4464e-04, 2.2154e-04, 1.8970e-04, 9.2102e-05,
         6.5363e-04],
        [1.1961e-04, 9.9739e-01, 9.3187e-04, 3.8234e-04, 3.1907e-04, 2.1855e-04,
         6.3726e-04],
        [2.9736e-04, 9.9549e-01, 1.4389e-03, 6.6413e-04, 6.2055e-04, 4.9384e-04,
         9.9416e-04]], device='cuda:0')
**bs에 맞지않음!!!!!**


line 303 => train data수 3902
line 258 => 인스턴스 수 558
=======test_loader=======
=======dev_loader=======
=======train_labeled_loader=======
=======finish=======
>>Epoch 11 Step 1306 acc_test 0.278689 f1_test 0.062271 acc_val 0.006515 f1_val 0.001849 acc_train 0.992568 f1_train 0.142324 psl_cor 509 psl_totl 3939 pslt_global 0.700000  Tim 0:14:43
acc_train_cw(현재 train의 class별 acc) [0.0, 1.0, 0.0, 0.0, 0.0, 0.0, 0.0]
cw_psl_total_eval(이전 pseudo label 클래스별 총 샘플 수):  [0, 3939, 0, 0, 0, 0, 0]
cw_psl_correct_eval(이전 pseudo label 클래스별 맞은 샘플 수):  [0, 509, 0, 0, 0, 0, 0]
psl_acc(이전 PSL 평가에서의 정확도):  0.129 
cw_psl_acc(이전 클래스별 PSL 평가에서의 정확도):  [nan, 0.1292206197977066, nan, nan, nan, nan, nan]
train batch instace수가 7안됨 pass
tensor([[2.9317e-03, 9.8911e-01, 1.2854e-03, 1.9429e-03, 1.1719e-03, 5.5245e-04,
         3.0091e-03],
        [2.8761e-03, 9.8773e-01, 1.5653e-03, 2.4838e-03, 1.3209e-03, 6.9858e-04,
         3.3285e-03],
        [2.6594e-03, 9.8904e-01, 1.4817e-03, 2.1658e-03, 1.1115e-03, 6.1304e-04,
         2.9301e-03],
        [3.2526e-03, 9.8561e-01, 1.8274e-03, 2.4869e-03, 1.3285e-03, 6.8342e-04,
         4.8128e-03],
        [5.2020e-03, 9.7816e-01, 2.6242e-03, 3.3165e-03, 2.5197e-03, 1.4316e-03,
         6.7467e-03],
        [2.7234e-03, 9.8895e-01, 1.5382e-03, 2.1007e-03, 1.2247e-03, 6.7643e-04,
         2.7914e-03],
        [3.0625e-03, 9.8890e-01, 1.2583e-03, 1.7821e-03, 1.0631e-03, 5.5203e-04,
         3.3833e-03]], device='cuda:0')
**bs에 맞지않음!!!!!**


line 303 => train data수 3902
line 258 => 인스턴스 수 558
=======test_loader=======
=======dev_loader=======
=======train_labeled_loader=======
=======finish=======
>>Epoch 12 Step 1864 acc_test 0.278689 f1_test 0.062271 acc_val 0.006515 f1_val 0.001849 acc_train 0.992568 f1_train 0.142324 psl_cor 509 psl_totl 3939 pslt_global 0.700000  Tim 0:17:47
acc_train_cw(현재 train의 class별 acc) [0.0, 1.0, 0.0, 0.0, 0.0, 0.0, 0.0]
cw_psl_total_eval(이전 pseudo label 클래스별 총 샘플 수):  [0, 3939, 0, 0, 0, 0, 0]
cw_psl_correct_eval(이전 pseudo label 클래스별 맞은 샘플 수):  [0, 509, 0, 0, 0, 0, 0]
psl_acc(이전 PSL 평가에서의 정확도):  0.129 
cw_psl_acc(이전 클래스별 PSL 평가에서의 정확도):  [nan, 0.1292206197977066, nan, nan, nan, nan, nan]
train batch instace수가 7안됨 pass
tensor([[2.2406e-05, 9.8854e-01, 8.3592e-05, 4.5718e-05, 9.6238e-03, 1.5992e-03,
         8.2481e-05],
        [2.0418e-05, 9.9222e-01, 1.1560e-04, 5.3246e-05, 6.1468e-03, 1.3443e-03,
         9.6229e-05],
        [1.9717e-05, 9.9158e-01, 8.5452e-05, 3.5779e-05, 7.2667e-03, 9.3114e-04,
         7.6522e-05],
        [1.5582e-05, 9.9399e-01, 5.0917e-05, 2.2236e-05, 5.0037e-03, 8.5456e-04,
         6.6430e-05],
        [1.4014e-05, 9.9381e-01, 5.6704e-05, 2.3360e-05, 5.3187e-03, 7.1132e-04,
         6.4094e-05],
        [2.1205e-05, 9.9154e-01, 7.6689e-05, 4.0465e-05, 6.9213e-03, 1.3222e-03,
         7.4945e-05],
        [1.7362e-05, 9.9063e-01, 7.8821e-05, 3.3558e-05, 7.9312e-03, 1.2431e-03,
         6.9873e-05]], device='cuda:0')
**bs에 맞지않음!!!!!**


line 303 => train data수 3902
line 258 => 인스턴스 수 558
=======test_loader=======
=======dev_loader=======
=======train_labeled_loader=======
=======finish=======
>>Epoch 13 Step 2422 acc_test 0.278689 f1_test 0.062271 acc_val 0.006515 f1_val 0.001849 acc_train 0.992568 f1_train 0.142324 psl_cor 509 psl_totl 3939 pslt_global 0.700000  Tim 0:20:50
acc_train_cw(현재 train의 class별 acc) [0.0, 1.0, 0.0, 0.0, 0.0, 0.0, 0.0]
cw_psl_total_eval(이전 pseudo label 클래스별 총 샘플 수):  [0, 3939, 0, 0, 0, 0, 0]
cw_psl_correct_eval(이전 pseudo label 클래스별 맞은 샘플 수):  [0, 509, 0, 0, 0, 0, 0]
psl_acc(이전 PSL 평가에서의 정확도):  0.129 
cw_psl_acc(이전 클래스별 PSL 평가에서의 정확도):  [nan, 0.1292206197977066, nan, nan, nan, nan, nan]
train batch instace수가 7안됨 pass
tensor([[1.8719e-03, 9.9552e-01, 1.4721e-03, 2.8634e-04, 4.3303e-04, 5.8223e-06,
         4.1533e-04],
        [3.7277e-03, 9.9138e-01, 2.5082e-03, 5.1133e-04, 7.9628e-04, 1.5857e-05,
         1.0650e-03],
        [2.2479e-03, 9.9513e-01, 1.3731e-03, 3.4509e-04, 4.3765e-04, 1.0206e-05,
         4.5258e-04],
        [2.5217e-03, 9.9437e-01, 1.5718e-03, 3.4002e-04, 6.0744e-04, 1.2408e-05,
         5.7521e-04],
        [2.3695e-03, 9.9511e-01, 1.3166e-03, 2.8467e-04, 4.2528e-04, 8.6644e-06,
         4.8105e-04],
        [2.3525e-03, 9.9414e-01, 1.9314e-03, 3.8922e-04, 5.4234e-04, 8.6219e-06,
         6.3140e-04],
        [2.0159e-03, 9.9457e-01, 1.5489e-03, 3.3468e-04, 9.8226e-04, 1.1421e-05,
         5.3744e-04]], device='cuda:0')
**bs에 맞지않음!!!!!**


line 303 => train data수 3902
line 258 => 인스턴스 수 558
=======test_loader=======
=======dev_loader=======
=======train_labeled_loader=======
=======finish=======
>>Epoch 14 Step 2980 acc_test 0.278689 f1_test 0.062271 acc_val 0.006515 f1_val 0.001849 acc_train 0.992568 f1_train 0.142324 psl_cor 509 psl_totl 3939 pslt_global 0.700000  Tim 0:23:55
acc_train_cw(현재 train의 class별 acc) [0.0, 1.0, 0.0, 0.0, 0.0, 0.0, 0.0]
cw_psl_total_eval(이전 pseudo label 클래스별 총 샘플 수):  [0, 3939, 0, 0, 0, 0, 0]
cw_psl_correct_eval(이전 pseudo label 클래스별 맞은 샘플 수):  [0, 509, 0, 0, 0, 0, 0]
psl_acc(이전 PSL 평가에서의 정확도):  0.129 
cw_psl_acc(이전 클래스별 PSL 평가에서의 정확도):  [nan, 0.1292206197977066, nan, nan, nan, nan, nan]
train batch instace수가 7안됨 pass
tensor([[3.9343e-03, 9.8745e-01, 3.9915e-03, 7.4508e-04, 1.1451e-03, 2.1580e-03,
         5.7668e-04],
        [4.4235e-03, 9.8951e-01, 2.7323e-03, 3.3677e-04, 7.0230e-04, 1.9335e-03,
         3.6412e-04],
        [3.0554e-03, 9.9235e-01, 1.9040e-03, 2.8327e-04, 4.9791e-04, 1.5756e-03,
         3.3101e-04],
        [3.6421e-03, 9.8932e-01, 2.6342e-03, 4.4370e-04, 8.5157e-04, 2.5952e-03,
         5.0982e-04],
        [4.3873e-03, 9.8732e-01, 3.2032e-03, 5.4812e-04, 1.0579e-03, 2.8371e-03,
         6.4816e-04],
        [3.7672e-03, 9.8846e-01, 3.6372e-03, 4.7780e-04, 1.1834e-03, 2.0962e-03,
         3.7597e-04],
        [4.7933e-03, 9.8721e-01, 3.7412e-03, 5.5795e-04, 5.1988e-04, 2.7491e-03,
         4.2794e-04]], device='cuda:0')
**bs에 맞지않음!!!!!**


line 303 => train data수 3902
line 258 => 인스턴스 수 558
=======test_loader=======
=======dev_loader=======
=======train_labeled_loader=======
=======finish=======
>>Epoch 15 Step 3538 acc_test 0.278689 f1_test 0.062271 acc_val 0.006515 f1_val 0.001849 acc_train 0.992568 f1_train 0.142324 psl_cor 509 psl_totl 3939 pslt_global 0.700000  Tim 0:26:59
acc_train_cw(현재 train의 class별 acc) [0.0, 1.0, 0.0, 0.0, 0.0, 0.0, 0.0]
cw_psl_total_eval(이전 pseudo label 클래스별 총 샘플 수):  [0, 3939, 0, 0, 0, 0, 0]
cw_psl_correct_eval(이전 pseudo label 클래스별 맞은 샘플 수):  [0, 509, 0, 0, 0, 0, 0]
psl_acc(이전 PSL 평가에서의 정확도):  0.129 
cw_psl_acc(이전 클래스별 PSL 평가에서의 정확도):  [nan, 0.1292206197977066, nan, nan, nan, nan, nan]
train batch instace수가 7안됨 pass
tensor([[6.8468e-05, 9.9830e-01, 7.8065e-04, 1.4690e-04, 4.2528e-04, 1.4106e-04,
         1.3599e-04],
        [5.3466e-05, 9.9892e-01, 6.0868e-04, 5.5262e-05, 1.7846e-04, 7.5484e-05,
         1.1316e-04],
        [5.7627e-05, 9.9889e-01, 4.7350e-04, 7.7430e-05, 2.9676e-04, 8.8682e-05,
         1.1457e-04],
        [5.9613e-05, 9.9865e-01, 7.7731e-04, 9.1016e-05, 2.3016e-04, 7.5336e-05,
         1.1708e-04],
        [8.7289e-05, 9.9830e-01, 8.5679e-04, 1.1631e-04, 3.4316e-04, 1.0609e-04,
         1.9137e-04],
        [4.6598e-05, 9.9892e-01, 5.0454e-04, 8.2700e-05, 2.9626e-04, 6.8910e-05,
         8.3814e-05],
        [5.6000e-05, 9.9808e-01, 1.0594e-03, 1.2824e-04, 4.3368e-04, 8.3690e-05,
         1.6138e-04]], device='cuda:0')
**bs에 맞지않음!!!!!**


line 303 => train data수 3902
line 258 => 인스턴스 수 558
=======test_loader=======
=======dev_loader=======
=======train_labeled_loader=======
=======finish=======
>>Epoch 16 Step 4096 acc_test 0.278689 f1_test 0.062271 acc_val 0.006515 f1_val 0.001849 acc_train 0.992568 f1_train 0.142324 psl_cor 509 psl_totl 3939 pslt_global 0.700000  Tim 0:30:03
acc_train_cw(현재 train의 class별 acc) [0.0, 1.0, 0.0, 0.0, 0.0, 0.0, 0.0]
cw_psl_total_eval(이전 pseudo label 클래스별 총 샘플 수):  [0, 3939, 0, 0, 0, 0, 0]
cw_psl_correct_eval(이전 pseudo label 클래스별 맞은 샘플 수):  [0, 509, 0, 0, 0, 0, 0]
psl_acc(이전 PSL 평가에서의 정확도):  0.129 
cw_psl_acc(이전 클래스별 PSL 평가에서의 정확도):  [nan, 0.1292206197977066, nan, nan, nan, nan, nan]
train batch instace수가 7안됨 pass
tensor([[2.9618e-04, 9.9402e-01, 2.3974e-03, 6.7939e-04, 3.1827e-04, 1.9924e-04,
         2.0883e-03],
        [2.1095e-04, 9.9587e-01, 1.4487e-03, 3.4350e-04, 1.8773e-04, 1.3291e-04,
         1.8063e-03],
        [2.9080e-04, 9.9607e-01, 1.6852e-03, 3.5420e-04, 1.8088e-04, 1.2287e-04,
         1.2974e-03],
        [2.0067e-04, 9.9586e-01, 1.3657e-03, 4.9930e-04, 2.0261e-04, 1.4938e-04,
         1.7224e-03],
        [2.3094e-04, 9.9551e-01, 1.8305e-03, 5.0198e-04, 1.8388e-04, 1.2397e-04,
         1.6197e-03],
        [2.9691e-04, 9.9437e-01, 1.7488e-03, 5.6959e-04, 2.3062e-04, 1.5733e-04,
         2.6295e-03],
        [3.7399e-04, 9.9213e-01, 3.1316e-03, 8.5956e-04, 4.0100e-04, 1.8811e-04,
         2.9124e-03]], device='cuda:0')
**bs에 맞지않음!!!!!**


line 303 => train data수 3902
line 258 => 인스턴스 수 558
=======test_loader=======
=======dev_loader=======
=======train_labeled_loader=======
=======finish=======
>>Epoch 17 Step 4654 acc_test 0.278689 f1_test 0.062271 acc_val 0.006515 f1_val 0.001849 acc_train 0.992568 f1_train 0.142324 psl_cor 509 psl_totl 3939 pslt_global 0.700000  Tim 0:33:01
acc_train_cw(현재 train의 class별 acc) [0.0, 1.0, 0.0, 0.0, 0.0, 0.0, 0.0]
cw_psl_total_eval(이전 pseudo label 클래스별 총 샘플 수):  [0, 3939, 0, 0, 0, 0, 0]
cw_psl_correct_eval(이전 pseudo label 클래스별 맞은 샘플 수):  [0, 509, 0, 0, 0, 0, 0]
psl_acc(이전 PSL 평가에서의 정확도):  0.129 
cw_psl_acc(이전 클래스별 PSL 평가에서의 정확도):  [nan, 0.1292206197977066, nan, nan, nan, nan, nan]
train batch instace수가 7안됨 pass
tensor([[9.0548e-03, 9.8234e-01, 4.3170e-03, 4.1656e-04, 6.0159e-04, 6.7181e-04,
         2.5938e-03],
        [6.5250e-03, 9.8498e-01, 3.9485e-03, 3.6244e-04, 3.9210e-04, 6.3996e-04,
         3.1502e-03],
        [5.4120e-03, 9.8855e-01, 2.5074e-03, 3.0966e-04, 4.6958e-04, 4.3893e-04,
         2.3163e-03],
        [4.8957e-03, 9.8803e-01, 2.9127e-03, 3.1197e-04, 3.6057e-04, 4.3723e-04,
         3.0542e-03],
        [7.4797e-03, 9.8594e-01, 2.7644e-03, 2.7992e-04, 3.6682e-04, 4.9805e-04,
         2.6726e-03],
        [8.0117e-03, 9.8479e-01, 3.4863e-03, 4.2596e-04, 4.3229e-04, 5.3179e-04,
         2.3177e-03],
        [6.5501e-03, 9.8517e-01, 4.0473e-03, 4.7244e-04, 6.0079e-04, 6.2367e-04,
         2.5398e-03]], device='cuda:0')
**bs에 맞지않음!!!!!**


line 303 => train data수 3902
line 258 => 인스턴스 수 558
=======test_loader=======
=======dev_loader=======
=======train_labeled_loader=======
=======finish=======
>>Epoch 18 Step 5212 acc_test 0.278689 f1_test 0.062271 acc_val 0.006515 f1_val 0.001849 acc_train 0.992568 f1_train 0.142324 psl_cor 509 psl_totl 3939 pslt_global 0.700000  Tim 0:36:04
acc_train_cw(현재 train의 class별 acc) [0.0, 1.0, 0.0, 0.0, 0.0, 0.0, 0.0]
cw_psl_total_eval(이전 pseudo label 클래스별 총 샘플 수):  [0, 3939, 0, 0, 0, 0, 0]
cw_psl_correct_eval(이전 pseudo label 클래스별 맞은 샘플 수):  [0, 509, 0, 0, 0, 0, 0]
psl_acc(이전 PSL 평가에서의 정확도):  0.129 
cw_psl_acc(이전 클래스별 PSL 평가에서의 정확도):  [nan, 0.1292206197977066, nan, nan, nan, nan, nan]
train batch instace수가 7안됨 pass
tensor([[3.8909e-04, 9.8527e-01, 1.2194e-03, 7.5320e-03, 4.7398e-03, 6.3017e-04,
         2.1860e-04],
        [3.6643e-04, 9.8752e-01, 1.5023e-03, 5.2929e-03, 4.4420e-03, 6.0721e-04,
         2.6645e-04],
        [4.1386e-04, 9.7969e-01, 1.5709e-03, 1.0127e-02, 6.7051e-03, 1.0682e-03,
         4.2790e-04],
        [3.1149e-04, 9.8750e-01, 1.9488e-03, 5.5428e-03, 3.8201e-03, 5.7024e-04,
         3.0321e-04],
        [3.5639e-04, 9.8700e-01, 1.2989e-03, 6.7356e-03, 3.7176e-03, 6.6189e-04,
         2.2572e-04],
        [3.0391e-04, 9.8754e-01, 1.3278e-03, 5.5599e-03, 4.2814e-03, 7.1600e-04,
         2.7084e-04],
        [4.4823e-04, 9.8466e-01, 1.8686e-03, 6.3641e-03, 5.5837e-03, 7.0869e-04,
         3.6383e-04]], device='cuda:0')
**bs에 맞지않음!!!!!**


line 303 => train data수 3902
line 258 => 인스턴스 수 558
=======test_loader=======
=======dev_loader=======
=======train_labeled_loader=======
=======finish=======
>>Epoch 19 Step 5770 acc_test 0.278689 f1_test 0.062271 acc_val 0.006515 f1_val 0.001849 acc_train 0.992568 f1_train 0.142324 psl_cor 509 psl_totl 3939 pslt_global 0.700000  Tim 0:39:07
acc_train_cw(현재 train의 class별 acc) [0.0, 1.0, 0.0, 0.0, 0.0, 0.0, 0.0]
cw_psl_total_eval(이전 pseudo label 클래스별 총 샘플 수):  [0, 3939, 0, 0, 0, 0, 0]
cw_psl_correct_eval(이전 pseudo label 클래스별 맞은 샘플 수):  [0, 509, 0, 0, 0, 0, 0]
psl_acc(이전 PSL 평가에서의 정확도):  0.129 
cw_psl_acc(이전 클래스별 PSL 평가에서의 정확도):  [nan, 0.1292206197977066, nan, nan, nan, nan, nan]
train batch instace수가 7안됨 pass
tensor([[4.4280e-04, 9.9711e-01, 1.1052e-03, 2.1022e-04, 1.4689e-04, 2.2336e-04,
         7.5812e-04],
        [2.9253e-04, 9.9758e-01, 8.6009e-04, 1.5607e-04, 9.2444e-05, 1.7203e-04,
         8.4810e-04],
        [3.4775e-04, 9.9740e-01, 7.8583e-04, 1.9353e-04, 1.4894e-04, 2.0467e-04,
         9.1942e-04],
        [3.7577e-04, 9.9697e-01, 1.2040e-03, 1.6408e-04, 1.5654e-04, 2.3771e-04,
         8.9125e-04],
        [3.9297e-04, 9.9763e-01, 7.3570e-04, 1.7959e-04, 1.2673e-04, 1.4152e-04,
         7.9219e-04],
        [3.8782e-04, 9.9711e-01, 1.0988e-03, 1.9025e-04, 1.5686e-04, 1.8249e-04,
         8.7169e-04],
        [3.4973e-04, 9.9706e-01, 1.1253e-03, 2.6251e-04, 2.0224e-04, 2.0181e-04,
         8.0313e-04]], device='cuda:0')
**bs에 맞지않음!!!!!**


line 303 => train data수 3902
line 258 => 인스턴스 수 558
=======test_loader=======
=======dev_loader=======
=======train_labeled_loader=======
=======finish=======
>>Epoch 20 Step 6328 acc_test 0.278689 f1_test 0.062271 acc_val 0.006515 f1_val 0.001849 acc_train 0.992568 f1_train 0.142324 psl_cor 509 psl_totl 3939 pslt_global 0.700000  Tim 0:42:10
acc_train_cw(현재 train의 class별 acc) [0.0, 1.0, 0.0, 0.0, 0.0, 0.0, 0.0]
cw_psl_total_eval(이전 pseudo label 클래스별 총 샘플 수):  [0, 3939, 0, 0, 0, 0, 0]
cw_psl_correct_eval(이전 pseudo label 클래스별 맞은 샘플 수):  [0, 509, 0, 0, 0, 0, 0]
psl_acc(이전 PSL 평가에서의 정확도):  0.129 
cw_psl_acc(이전 클래스별 PSL 평가에서의 정확도):  [nan, 0.1292206197977066, nan, nan, nan, nan, nan]
train batch instace수가 7안됨 pass
tensor([[4.0543e-04, 9.8240e-01, 8.8807e-04, 2.6985e-03, 2.2948e-03, 5.4154e-03,
         5.8981e-03],
        [2.7141e-04, 9.8445e-01, 8.5984e-04, 1.9665e-03, 1.5517e-03, 5.8540e-03,
         5.0493e-03],
        [3.0993e-04, 9.8385e-01, 1.4852e-03, 1.8865e-03, 1.7154e-03, 5.9277e-03,
         4.8244e-03],
        [4.2843e-04, 9.8586e-01, 1.1082e-03, 2.1519e-03, 1.8487e-03, 5.5247e-03,
         3.0832e-03],
        [4.4225e-04, 9.7778e-01, 1.4050e-03, 6.0552e-03, 2.6940e-03, 5.0446e-03,
         6.5743e-03],
        [5.6241e-04, 9.7722e-01, 1.7672e-03, 4.0494e-03, 3.3682e-03, 7.1065e-03,
         5.9269e-03],
        [5.2777e-04, 9.8077e-01, 1.3829e-03, 2.9262e-03, 3.3070e-03, 6.3780e-03,
         4.7061e-03]], device='cuda:0')
**bs에 맞지않음!!!!!**


line 303 => train data수 3902
line 258 => 인스턴스 수 558
=======test_loader=======
=======dev_loader=======
=======train_labeled_loader=======
=======finish=======
>>Epoch 21 Step 6886 acc_test 0.278689 f1_test 0.062271 acc_val 0.006515 f1_val 0.001849 acc_train 0.992568 f1_train 0.142324 psl_cor 509 psl_totl 3939 pslt_global 0.700000  Tim 0:45:13
acc_train_cw(현재 train의 class별 acc) [0.0, 1.0, 0.0, 0.0, 0.0, 0.0, 0.0]
cw_psl_total_eval(이전 pseudo label 클래스별 총 샘플 수):  [0, 3939, 0, 0, 0, 0, 0]
cw_psl_correct_eval(이전 pseudo label 클래스별 맞은 샘플 수):  [0, 509, 0, 0, 0, 0, 0]
psl_acc(이전 PSL 평가에서의 정확도):  0.129 
cw_psl_acc(이전 클래스별 PSL 평가에서의 정확도):  [nan, 0.1292206197977066, nan, nan, nan, nan, nan]
train batch instace수가 7안됨 pass
tensor([[4.9200e-04, 9.7576e-01, 2.8223e-03, 7.6843e-03, 6.1761e-04, 1.1606e-02,
         1.0221e-03],
        [3.4738e-04, 9.8768e-01, 1.3526e-03, 2.0755e-03, 2.0854e-04, 7.8879e-03,
         4.4752e-04],
        [4.7912e-04, 9.8172e-01, 1.3307e-03, 2.5154e-03, 2.6635e-04, 1.3180e-02,
         5.0627e-04],
        [2.8835e-04, 9.8474e-01, 1.3244e-03, 3.6392e-03, 2.7580e-04, 9.1327e-03,
         6.0314e-04],
        [3.1021e-04, 9.8522e-01, 1.6684e-03, 3.2881e-03, 3.0530e-04, 8.5535e-03,
         6.5307e-04],
        [2.5370e-04, 9.8544e-01, 1.8183e-03, 3.3842e-03, 3.1148e-04, 8.1202e-03,
         6.7352e-04],
        [2.0192e-04, 9.8834e-01, 1.6279e-03, 2.9149e-03, 2.5915e-04, 6.2516e-03,
         4.0328e-04]], device='cuda:0')
**bs에 맞지않음!!!!!**


line 303 => train data수 3902
line 258 => 인스턴스 수 558
=======test_loader=======
=======dev_loader=======
=======train_labeled_loader=======
=======finish=======
>>Epoch 22 Step 7444 acc_test 0.278689 f1_test 0.062271 acc_val 0.006515 f1_val 0.001849 acc_train 0.992568 f1_train 0.142324 psl_cor 509 psl_totl 3939 pslt_global 0.700000  Tim 0:48:17
acc_train_cw(현재 train의 class별 acc) [0.0, 1.0, 0.0, 0.0, 0.0, 0.0, 0.0]
cw_psl_total_eval(이전 pseudo label 클래스별 총 샘플 수):  [0, 3939, 0, 0, 0, 0, 0]
cw_psl_correct_eval(이전 pseudo label 클래스별 맞은 샘플 수):  [0, 509, 0, 0, 0, 0, 0]
psl_acc(이전 PSL 평가에서의 정확도):  0.129 
cw_psl_acc(이전 클래스별 PSL 평가에서의 정확도):  [nan, 0.1292206197977066, nan, nan, nan, nan, nan]
train batch instace수가 7안됨 pass
tensor([[3.8462e-04, 9.8875e-01, 1.3684e-04, 3.2701e-03, 6.5593e-03, 5.3170e-04,
         3.6852e-04],
        [4.7834e-04, 9.9197e-01, 1.1258e-04, 2.4899e-03, 4.2931e-03, 3.5573e-04,
         3.0139e-04],
        [3.1231e-04, 9.9138e-01, 1.2937e-04, 2.6088e-03, 4.9381e-03, 2.7766e-04,
         3.5643e-04],
        [2.9466e-04, 9.9064e-01, 1.2526e-04, 2.8696e-03, 5.4161e-03, 2.9379e-04,
         3.6317e-04],
        [4.8515e-04, 9.8597e-01, 1.3732e-04, 3.3277e-03, 9.2616e-03, 4.8534e-04,
         3.3128e-04],
        [3.6400e-04, 9.8997e-01, 9.7894e-05, 2.3646e-03, 6.5216e-03, 4.5388e-04,
         2.2941e-04],
        [5.1885e-04, 9.8835e-01, 1.1513e-04, 3.5355e-03, 6.6728e-03, 3.9094e-04,
         4.1558e-04]], device='cuda:0')
**bs에 맞지않음!!!!!**


line 303 => train data수 3902
line 258 => 인스턴스 수 558
=======test_loader=======
=======dev_loader=======
=======train_labeled_loader=======
=======finish=======
>>Epoch 23 Step 8002 acc_test 0.278689 f1_test 0.062271 acc_val 0.006515 f1_val 0.001849 acc_train 0.992568 f1_train 0.142324 psl_cor 509 psl_totl 3939 pslt_global 0.700000  Tim 0:51:20
acc_train_cw(현재 train의 class별 acc) [0.0, 1.0, 0.0, 0.0, 0.0, 0.0, 0.0]
cw_psl_total_eval(이전 pseudo label 클래스별 총 샘플 수):  [0, 3939, 0, 0, 0, 0, 0]
cw_psl_correct_eval(이전 pseudo label 클래스별 맞은 샘플 수):  [0, 509, 0, 0, 0, 0, 0]
psl_acc(이전 PSL 평가에서의 정확도):  0.129 
cw_psl_acc(이전 클래스별 PSL 평가에서의 정확도):  [nan, 0.1292206197977066, nan, nan, nan, nan, nan]
train batch instace수가 7안됨 pass
tensor([[4.6358e-04, 9.9282e-01, 2.3130e-04, 3.6640e-03, 2.6255e-04, 2.2203e-03,
         3.4191e-04],
        [6.3771e-04, 9.8610e-01, 2.9411e-04, 7.4913e-03, 2.9628e-04, 4.4804e-03,
         7.0205e-04],
        [5.7654e-04, 9.8871e-01, 2.6034e-04, 5.8564e-03, 3.5195e-04, 3.8003e-03,
         4.4591e-04],
        [6.4101e-04, 9.8924e-01, 2.3925e-04, 5.9478e-03, 2.1456e-04, 3.2761e-03,
         4.4457e-04],
        [4.2561e-04, 9.9040e-01, 1.4927e-04, 4.8025e-03, 2.1526e-04, 3.5924e-03,
         4.1631e-04],
        [8.6160e-04, 9.8854e-01, 2.9259e-04, 3.9370e-03, 3.4545e-04, 5.1961e-03,
         8.3085e-04],
        [5.0015e-04, 9.9250e-01, 2.4187e-04, 2.8074e-03, 2.0293e-04, 3.2753e-03,
         4.7354e-04]], device='cuda:0')
**bs에 맞지않음!!!!!**


line 303 => train data수 3902
line 258 => 인스턴스 수 558
=======test_loader=======
=======dev_loader=======
=======train_labeled_loader=======
=======finish=======
>>Epoch 24 Step 8560 acc_test 0.278689 f1_test 0.062271 acc_val 0.006515 f1_val 0.001849 acc_train 0.992568 f1_train 0.142324 psl_cor 509 psl_totl 3939 pslt_global 0.700000  Tim 0:54:22
acc_train_cw(현재 train의 class별 acc) [0.0, 1.0, 0.0, 0.0, 0.0, 0.0, 0.0]
cw_psl_total_eval(이전 pseudo label 클래스별 총 샘플 수):  [0, 3939, 0, 0, 0, 0, 0]
cw_psl_correct_eval(이전 pseudo label 클래스별 맞은 샘플 수):  [0, 509, 0, 0, 0, 0, 0]
psl_acc(이전 PSL 평가에서의 정확도):  0.129 
cw_psl_acc(이전 클래스별 PSL 평가에서의 정확도):  [nan, 0.1292206197977066, nan, nan, nan, nan, nan]
train batch instace수가 7안됨 pass
tensor([[3.1199e-04, 9.7918e-01, 1.1870e-02, 3.8897e-04, 3.4125e-03, 3.3423e-03,
         1.4896e-03],
        [2.6516e-04, 9.8334e-01, 1.0654e-02, 2.8581e-04, 1.8619e-03, 2.1725e-03,
         1.4248e-03],
        [3.2606e-04, 9.8114e-01, 1.2620e-02, 3.2622e-04, 2.3812e-03, 2.3013e-03,
         9.0086e-04],
        [3.0760e-04, 9.8410e-01, 1.0795e-02, 3.8135e-04, 1.6077e-03, 1.8424e-03,
         9.6179e-04],
        [3.2541e-04, 9.8764e-01, 6.7675e-03, 2.7476e-04, 1.9166e-03, 1.9723e-03,
         1.1019e-03],
        [2.1482e-04, 9.8853e-01, 7.9227e-03, 1.4146e-04, 9.4016e-04, 1.2946e-03,
         9.5853e-04],
        [7.0291e-04, 9.8283e-01, 1.0338e-02, 2.8359e-04, 1.8868e-03, 2.8832e-03,
         1.0799e-03]], device='cuda:0')
**bs에 맞지않음!!!!!**


line 303 => train data수 3902
line 258 => 인스턴스 수 558
=======test_loader=======
=======dev_loader=======
=======train_labeled_loader=======
=======finish=======
>>Epoch 25 Step 9118 acc_test 0.278689 f1_test 0.062271 acc_val 0.006515 f1_val 0.001849 acc_train 0.992568 f1_train 0.142324 psl_cor 509 psl_totl 3939 pslt_global 0.700000  Tim 0:57:25
acc_train_cw(현재 train의 class별 acc) [0.0, 1.0, 0.0, 0.0, 0.0, 0.0, 0.0]
cw_psl_total_eval(이전 pseudo label 클래스별 총 샘플 수):  [0, 3939, 0, 0, 0, 0, 0]
cw_psl_correct_eval(이전 pseudo label 클래스별 맞은 샘플 수):  [0, 509, 0, 0, 0, 0, 0]
psl_acc(이전 PSL 평가에서의 정확도):  0.129 
cw_psl_acc(이전 클래스별 PSL 평가에서의 정확도):  [nan, 0.1292206197977066, nan, nan, nan, nan, nan]
train batch instace수가 7안됨 pass
tensor([[2.0185e-04, 9.9896e-01, 7.6409e-05, 7.8433e-05, 5.5162e-04, 5.1734e-05,
         7.8076e-05],
        [3.0072e-04, 9.9893e-01, 7.2426e-05, 5.2194e-05, 5.4238e-04, 4.4980e-05,
         6.1313e-05],
        [1.6590e-04, 9.9906e-01, 5.9941e-05, 6.9483e-05, 5.3936e-04, 4.9653e-05,
         5.3035e-05],
        [1.4685e-04, 9.9914e-01, 6.6233e-05, 6.2367e-05, 4.8393e-04, 4.9850e-05,
         5.5008e-05],
        [1.7909e-04, 9.9924e-01, 5.0374e-05, 6.2337e-05, 3.7450e-04, 4.3865e-05,
         4.7335e-05],
        [1.7971e-04, 9.9921e-01, 5.9580e-05, 4.6109e-05, 4.0788e-04, 4.0786e-05,
         5.2236e-05],
        [2.1108e-04, 9.9909e-01, 6.4129e-05, 6.7455e-05, 4.4276e-04, 5.4999e-05,
         6.6242e-05]], device='cuda:0')
**bs에 맞지않음!!!!!**


line 303 => train data수 3902
line 258 => 인스턴스 수 558
=======test_loader=======
=======dev_loader=======
=======train_labeled_loader=======
=======finish=======
>>Epoch 26 Step 9676 acc_test 0.278689 f1_test 0.062271 acc_val 0.006515 f1_val 0.001849 acc_train 0.992568 f1_train 0.142324 psl_cor 509 psl_totl 3939 pslt_global 0.700000  Tim 1:00:28
acc_train_cw(현재 train의 class별 acc) [0.0, 1.0, 0.0, 0.0, 0.0, 0.0, 0.0]
cw_psl_total_eval(이전 pseudo label 클래스별 총 샘플 수):  [0, 3939, 0, 0, 0, 0, 0]
cw_psl_correct_eval(이전 pseudo label 클래스별 맞은 샘플 수):  [0, 509, 0, 0, 0, 0, 0]
psl_acc(이전 PSL 평가에서의 정확도):  0.129 
cw_psl_acc(이전 클래스별 PSL 평가에서의 정확도):  [nan, 0.1292206197977066, nan, nan, nan, nan, nan]
train batch instace수가 7안됨 pass
tensor([[3.7006e-04, 9.9584e-01, 1.6065e-04, 6.7695e-05, 7.3709e-04, 1.1251e-03,
         1.7013e-03],
        [5.9512e-04, 9.9450e-01, 1.1986e-04, 8.1981e-05, 8.7382e-04, 2.3203e-03,
         1.5099e-03],
        [5.3457e-04, 9.9416e-01, 2.0243e-04, 7.5660e-05, 1.0893e-03, 2.1073e-03,
         1.8331e-03],
        [6.5381e-04, 9.9317e-01, 1.9564e-04, 1.2089e-04, 1.1189e-03, 2.5929e-03,
         2.1487e-03],
        [1.0500e-03, 9.8777e-01, 3.9517e-04, 1.3908e-04, 2.3654e-03, 5.2748e-03,
         3.0064e-03],
        [7.2346e-04, 9.9261e-01, 1.9150e-04, 1.0606e-04, 1.1244e-03, 3.2556e-03,
         1.9938e-03],
        [8.8115e-04, 9.9286e-01, 1.9183e-04, 8.8831e-05, 1.3977e-03, 2.6597e-03,
         1.9186e-03]], device='cuda:0')
**bs에 맞지않음!!!!!**


line 303 => train data수 3902
line 258 => 인스턴스 수 558
=======test_loader=======
=======dev_loader=======
=======train_labeled_loader=======
=======finish=======
>>Epoch 27 Step 10234 acc_test 0.278689 f1_test 0.062271 acc_val 0.006515 f1_val 0.001849 acc_train 0.992568 f1_train 0.142324 psl_cor 509 psl_totl 3939 pslt_global 0.700000  Tim 1:03:31
acc_train_cw(현재 train의 class별 acc) [0.0, 1.0, 0.0, 0.0, 0.0, 0.0, 0.0]
cw_psl_total_eval(이전 pseudo label 클래스별 총 샘플 수):  [0, 3939, 0, 0, 0, 0, 0]
cw_psl_correct_eval(이전 pseudo label 클래스별 맞은 샘플 수):  [0, 509, 0, 0, 0, 0, 0]
psl_acc(이전 PSL 평가에서의 정확도):  0.129 
cw_psl_acc(이전 클래스별 PSL 평가에서의 정확도):  [nan, 0.1292206197977066, nan, nan, nan, nan, nan]
train batch instace수가 7안됨 pass
tensor([[1.5881e-05, 9.9967e-01, 9.5922e-06, 2.4665e-05, 2.7738e-05, 2.2537e-05,
         2.2995e-04],
        [1.4233e-05, 9.9973e-01, 3.3730e-06, 1.0968e-05, 1.4303e-05, 1.5916e-05,
         2.1293e-04],
        [2.3173e-05, 9.9969e-01, 7.6246e-06, 1.7783e-05, 1.8017e-05, 3.1508e-05,
         2.1683e-04],
        [1.9465e-05, 9.9962e-01, 7.3017e-06, 2.2766e-05, 3.0360e-05, 2.2792e-05,
         2.7287e-04],
        [1.4290e-05, 9.9978e-01, 4.6065e-06, 1.4969e-05, 2.5169e-05, 2.2738e-05,
         1.3332e-04],
        [1.6400e-05, 9.9937e-01, 1.4784e-05, 5.0107e-05, 4.8229e-05, 4.6982e-05,
         4.4858e-04],
        [1.5989e-05, 9.9973e-01, 8.7474e-06, 1.7046e-05, 1.8619e-05, 3.4507e-05,
         1.7243e-04]], device='cuda:0')
**bs에 맞지않음!!!!!**


line 303 => train data수 3902
line 258 => 인스턴스 수 558
=======test_loader=======
=======dev_loader=======
=======train_labeled_loader=======
=======finish=======
>>Epoch 28 Step 10792 acc_test 0.278689 f1_test 0.062271 acc_val 0.006515 f1_val 0.001849 acc_train 0.992568 f1_train 0.142324 psl_cor 509 psl_totl 3939 pslt_global 0.700000  Tim 1:06:34
acc_train_cw(현재 train의 class별 acc) [0.0, 1.0, 0.0, 0.0, 0.0, 0.0, 0.0]
cw_psl_total_eval(이전 pseudo label 클래스별 총 샘플 수):  [0, 3939, 0, 0, 0, 0, 0]
cw_psl_correct_eval(이전 pseudo label 클래스별 맞은 샘플 수):  [0, 509, 0, 0, 0, 0, 0]
psl_acc(이전 PSL 평가에서의 정확도):  0.129 
cw_psl_acc(이전 클래스별 PSL 평가에서의 정확도):  [nan, 0.1292206197977066, nan, nan, nan, nan, nan]
train batch instace수가 7안됨 pass
tensor([[8.6381e-05, 9.9848e-01, 2.7480e-04, 2.8392e-05, 4.5759e-05, 4.5506e-05,
         1.0440e-03],
        [4.4693e-05, 9.9845e-01, 2.5309e-04, 4.0614e-05, 5.5644e-05, 5.9666e-05,
         1.0930e-03],
        [7.0921e-05, 9.9881e-01, 1.9159e-04, 2.9663e-05, 5.1598e-05, 3.5851e-05,
         8.0861e-04],
        [8.5496e-05, 9.9833e-01, 2.8754e-04, 3.1038e-05, 6.0427e-05, 7.4155e-05,
         1.1287e-03],
        [7.8739e-05, 9.9840e-01, 2.2920e-04, 2.7163e-05, 5.9155e-05, 5.9308e-05,
         1.1479e-03],
        [7.6825e-05, 9.9834e-01, 3.1663e-04, 3.4274e-05, 4.1892e-05, 6.6617e-05,
         1.1238e-03],
        [9.5546e-05, 9.9853e-01, 2.8649e-04, 3.1353e-05, 5.1244e-05, 5.8838e-05,
         9.4471e-04]], device='cuda:0')
**bs에 맞지않음!!!!!**


line 303 => train data수 3902
line 258 => 인스턴스 수 558
=======test_loader=======
=======dev_loader=======
=======train_labeled_loader=======
=======finish=======
