current work directory:  /home/imsuhan22/few-shot-tc/JointMatch_SSL/codebert/code
python_extended_data
save_name: 5_unixcoder-base_0.0001_0.8_10_python_extended_data

data_path:  ../data/../data/problem_based_split/python_extended_data

There are 1 GPU(s) available.
We will use the GPU- 0 NVIDIA GeForce RTX 3090

**line 147 모델 =>  microsoft/unixcoder-base
**tokenizer type =  microsoft/unixcoder-base 

n_labeled_per_class:  5
train_df samples: 3974
train_labeled_df samples: 35
train_unlabeled_df samples: 3939
n_classes:  7 

net_arch:  microsoft/unixcoder-base lr:  0.0001

line 303 => train data수 35
line 258 => 인스턴스 수 5
=======test_loader=======
=======dev_loader=======
=======train_labeled_loader=======
=======finish=======
>>Epoch 1 Step 0 acc_test 0.170082 f1_test 0.119786 acc_val 0.159609 f1_val 0.097550 acc_train 0.200000 f1_train 0.141657 psl_cor 0 psl_totl 0 pslt_global 0.000000  Tim 0:00:14
acc_train_cw(현재 train의 class별 acc) [0.8, 0.4, 0.0, 0.2, 0.0, 0.0, 0.0]
cw_psl_total_eval(이전 pseudo label 클래스별 총 샘플 수):  [0, 0, 0, 0, 0, 0, 0]
cw_psl_correct_eval(이전 pseudo label 클래스별 맞은 샘플 수):  [0, 0, 0, 0, 0, 0, 0]
psl_acc(PSL 평가에서의 정확도): None 
cw_psl_acc(이전 클래스별 PSL 평가에서의 정확도):  [nan, nan, nan, nan, nan, nan, nan]
Save model to ./experiment/few_shot/output/
tensor([[0.2084, 0.1554, 0.1344, 0.1318, 0.0914, 0.1279, 0.1506],
        [0.2233, 0.1280, 0.1811, 0.1141, 0.1152, 0.1141, 0.1243],
        [0.2038, 0.1310, 0.1631, 0.1171, 0.1752, 0.1007, 0.1091],
        [0.2219, 0.1813, 0.1208, 0.1369, 0.1130, 0.1001, 0.1261],
        [0.2825, 0.1001, 0.1538, 0.1457, 0.1073, 0.1047, 0.1060],
        [0.2006, 0.1646, 0.1112, 0.1340, 0.1018, 0.1377, 0.1501],
        [0.2197, 0.1355, 0.1290, 0.1477, 0.0824, 0.1248, 0.1608]],
       device='cuda:0')

line 303 => train data수 35
line 258 => 인스턴스 수 5
=======test_loader=======
=======dev_loader=======
=======train_labeled_loader=======
=======finish=======
>>Epoch 2 Step 5 acc_test 0.077869 f1_test 0.020641 acc_val 0.091205 f1_val 0.023952 acc_train 0.142857 f1_train 0.035714 psl_cor 0 psl_totl 0 pslt_global 0.800000  Tim 0:00:59
acc_train_cw(현재 train의 class별 acc) [1.0, 0.0, 0.0, 0.0, 0.0, 0.0, 0.0]
cw_psl_total_eval(이전 pseudo label 클래스별 총 샘플 수):  [0, 0, 0, 0, 0, 0, 0]
cw_psl_correct_eval(이전 pseudo label 클래스별 맞은 샘플 수):  [0, 0, 0, 0, 0, 0, 0]
psl_acc(PSL 평가에서의 정확도): None 
cw_psl_acc(이전 클래스별 PSL 평가에서의 정확도):  [nan, nan, nan, nan, nan, nan, nan]
tensor([[0.0910, 0.1631, 0.0959, 0.0897, 0.1498, 0.1989, 0.2115],
        [0.0950, 0.2481, 0.0878, 0.1101, 0.1352, 0.1720, 0.1517],
        [0.1041, 0.1525, 0.2231, 0.1809, 0.1205, 0.1133, 0.1056],
        [0.0956, 0.1817, 0.1060, 0.1059, 0.1310, 0.1657, 0.2139],
        [0.0655, 0.1565, 0.1099, 0.0973, 0.1873, 0.1888, 0.1947],
        [0.0671, 0.1976, 0.1322, 0.0987, 0.0928, 0.1835, 0.2282],
        [0.0663, 0.1095, 0.1255, 0.1154, 0.1148, 0.2089, 0.2596]],
       device='cuda:0')

line 303 => train data수 35
line 258 => 인스턴스 수 5
=======test_loader=======
=======dev_loader=======
=======train_labeled_loader=======
=======finish=======
>>Epoch 3 Step 10 acc_test 0.442623 f1_test 0.307378 acc_val 0.162866 f1_val 0.101342 acc_train 0.771429 f1_train 0.777278 psl_cor 0 psl_totl 0 pslt_global 0.800000  Tim 0:01:57
acc_train_cw(현재 train의 class별 acc) [0.6, 0.8, 0.8, 0.8, 0.6, 0.8, 1.0]
cw_psl_total_eval(이전 pseudo label 클래스별 총 샘플 수):  [0, 0, 0, 0, 0, 0, 0]
cw_psl_correct_eval(이전 pseudo label 클래스별 맞은 샘플 수):  [0, 0, 0, 0, 0, 0, 0]
psl_acc(PSL 평가에서의 정확도): None 
cw_psl_acc(이전 클래스별 PSL 평가에서의 정확도):  [nan, nan, nan, nan, nan, nan, nan]
Save model to ./experiment/few_shot/output/
tensor([[0.1200, 0.1306, 0.0896, 0.1503, 0.1599, 0.1971, 0.1525],
        [0.1247, 0.2014, 0.0636, 0.1612, 0.1748, 0.1438, 0.1304],
        [0.2761, 0.0983, 0.1029, 0.2332, 0.1667, 0.0648, 0.0581],
        [0.0935, 0.1991, 0.0680, 0.1315, 0.1962, 0.1848, 0.1269],
        [0.1240, 0.1151, 0.0908, 0.1213, 0.1918, 0.1652, 0.1918],
        [0.1077, 0.2100, 0.0700, 0.1092, 0.1598, 0.1692, 0.1741],
        [0.1076, 0.1970, 0.0843, 0.1038, 0.1643, 0.1438, 0.1991]],
       device='cuda:0')

line 303 => train data수 35
line 258 => 인스턴스 수 5
=======test_loader=======
=======dev_loader=======
=======train_labeled_loader=======
=======finish=======
>>Epoch 4 Step 15 acc_test 0.327869 f1_test 0.259654 acc_val 0.299674 f1_val 0.227002 acc_train 0.828571 f1_train 0.808390 psl_cor 0 psl_totl 0 pslt_global 0.800000  Tim 0:02:57
acc_train_cw(현재 train의 class별 acc) [1.0, 1.0, 0.2, 1.0, 1.0, 0.8, 0.8]
cw_psl_total_eval(이전 pseudo label 클래스별 총 샘플 수):  [0, 0, 0, 0, 0, 0, 0]
cw_psl_correct_eval(이전 pseudo label 클래스별 맞은 샘플 수):  [0, 0, 0, 0, 0, 0, 0]
psl_acc(PSL 평가에서의 정확도): None 
cw_psl_acc(이전 클래스별 PSL 평가에서의 정확도):  [nan, nan, nan, nan, nan, nan, nan]
Save model to ./experiment/few_shot/output/
tensor([[0.0437, 0.1123, 0.0912, 0.1279, 0.1144, 0.3079, 0.2026],
        [0.0434, 0.1175, 0.1377, 0.1070, 0.1568, 0.2013, 0.2362],
        [0.2218, 0.0251, 0.3818, 0.2062, 0.1012, 0.0321, 0.0318],
        [0.0323, 0.1657, 0.0589, 0.0869, 0.1618, 0.2116, 0.2829],
        [0.1018, 0.0881, 0.3119, 0.1233, 0.1263, 0.1120, 0.1365],
        [0.0206, 0.1247, 0.0423, 0.0539, 0.0787, 0.5197, 0.1601],
        [0.0317, 0.1859, 0.0718, 0.0671, 0.1052, 0.2501, 0.2883]],
       device='cuda:0')

line 303 => train data수 109
line 258 => 인스턴스 수 16
=======test_loader=======
=======dev_loader=======
=======train_labeled_loader=======
=======finish=======
>>Epoch 5 Step 20 acc_test 0.420082 f1_test 0.263172 acc_val 0.185668 f1_val 0.103626 acc_train 0.899083 f1_train 0.867623 psl_cor 52 psl_totl 74 pslt_global 0.800000  Tim 0:03:47
acc_train_cw(현재 train의 class별 acc) [0.879, 1.0, 1.0, 0.875, 0.6, 1.0, 1.0]
cw_psl_total_eval(이전 pseudo label 클래스별 총 샘플 수):  [61, 7, 1, 3, 0, 0, 2]
cw_psl_correct_eval(이전 pseudo label 클래스별 맞은 샘플 수):  [43, 4, 1, 3, 0, 0, 1]
psl_acc(이전 PSL 평가에서의 정확도):  0.703 
cw_psl_acc(이전 클래스별 PSL 평가에서의 정확도):  [0.7049180269241333, 0.5714285969734192, 1.0, 1.0, nan, nan, 0.5]
train batch instace수가 7안됨 pass
tensor([[0.0081, 0.0329, 0.0355, 0.4138, 0.1394, 0.2408, 0.1294],
        [0.0048, 0.0484, 0.0334, 0.5474, 0.2111, 0.0816, 0.0734],
        [0.1400, 0.0176, 0.0955, 0.5360, 0.1675, 0.0292, 0.0141],
        [0.0059, 0.2603, 0.0132, 0.1201, 0.2296, 0.1893, 0.1815],
        [0.0141, 0.0366, 0.0490, 0.3160, 0.3377, 0.1552, 0.0914],
        [0.0061, 0.1259, 0.0210, 0.1590, 0.1713, 0.3803, 0.1365],
        [0.0133, 0.1237, 0.0270, 0.2117, 0.1824, 0.0638, 0.3782]],
       device='cuda:0')
**bs에 맞지않음!!!!!**


line 303 => train data수 1494
line 258 => 인스턴스 수 214
=======test_loader=======
=======dev_loader=======
=======train_labeled_loader=======
=======finish=======
>>Epoch 6 Step 36 acc_test 0.206967 f1_test 0.153701 acc_val 0.439739 f1_val 0.262950 acc_train 0.882865 f1_train 0.825219 psl_cor 670 psl_totl 1487 pslt_global 0.800000  Tim 0:05:04
acc_train_cw(현재 train의 class별 acc) [0.995, 0.873, 0.75, 1.0, 0.801, 0.58, 0.951]
cw_psl_total_eval(이전 pseudo label 클래스별 총 샘플 수):  [608, 139, 30, 62, 210, 216, 222]
cw_psl_correct_eval(이전 pseudo label 클래스별 맞은 샘플 수):  [307, 69, 16, 34, 59, 71, 114]
psl_acc(이전 PSL 평가에서의 정확도):  0.451 
cw_psl_acc(이전 클래스별 PSL 평가에서의 정확도):  [0.5049341917037964, 0.49640288949012756, 0.5333333611488342, 0.5483871102333069, 0.2809523940086365, 0.32870370149612427, 0.5135135054588318]
Save model to ./experiment/few_shot/output/
train batch instace수가 7안됨 pass
tensor([[2.8683e-02, 2.3488e-02, 3.9101e-03, 5.7110e-02, 3.6943e-01, 4.9726e-01,
         2.0120e-02],
        [8.1135e-03, 1.7925e-02, 1.8096e-03, 3.3379e-03, 3.7222e-01, 5.8479e-01,
         1.1804e-02],
        [9.3526e-02, 7.9478e-03, 6.7550e-03, 8.7136e-01, 1.4565e-02, 3.9927e-03,
         1.8484e-03],
        [4.8760e-03, 8.8957e-01, 5.1546e-04, 1.0272e-03, 3.5466e-02, 5.3263e-02,
         1.5281e-02],
        [1.0204e-01, 4.4552e-02, 3.8800e-03, 3.5561e-03, 6.6423e-01, 1.4786e-01,
         3.3885e-02],
        [2.4393e-03, 2.1533e-02, 2.6030e-04, 7.3532e-04, 1.1916e-01, 8.3978e-01,
         1.6098e-02],
        [1.1455e-02, 2.9699e-02, 1.0006e-03, 1.1068e-03, 8.6968e-02, 9.3177e-02,
         7.7659e-01]], device='cuda:0')
**bs에 맞지않음!!!!!**


line 303 => train data수 3147
line 258 => 인스턴스 수 450
=======test_loader=======
=======dev_loader=======
=======train_labeled_loader=======
=======finish=======
>>Epoch 7 Step 250 acc_test 0.174180 f1_test 0.143899 acc_val 0.364821 f1_val 0.278578 acc_train 0.961551 f1_train 0.939990 psl_cor 1193 psl_totl 3080 pslt_global 0.800000  Tim 0:06:57
acc_train_cw(현재 train의 class별 acc) [0.99, 0.947, 0.698, 0.984, 1.0, 0.862, 0.97]
cw_psl_total_eval(이전 pseudo label 클래스별 총 샘플 수):  [824, 570, 27, 360, 613, 363, 323]
cw_psl_correct_eval(이전 pseudo label 클래스별 맞은 샘플 수):  [380, 201, 14, 209, 155, 96, 138]
psl_acc(이전 PSL 평가에서의 정확도):  0.387 
cw_psl_acc(이전 클래스별 PSL 평가에서의 정확도):  [0.46116504073143005, 0.3526315689086914, 0.5185185074806213, 0.5805555582046509, 0.2528548240661621, 0.26446279883384705, 0.4272445738315582]
train batch instace수가 7안됨 pass
tensor([[2.8741e-02, 2.3071e-02, 3.1550e-03, 2.1029e-02, 3.2833e-02, 8.5857e-01,
         3.2605e-02],
        [6.4503e-03, 4.7165e-02, 3.8129e-03, 1.0056e-01, 1.0566e-01, 6.9099e-01,
         4.5365e-02],
        [5.7216e-03, 1.4880e-03, 1.7166e-03, 9.6890e-01, 2.0446e-02, 3.3449e-04,
         1.3955e-03],
        [1.4848e-02, 8.6336e-01, 7.5280e-04, 1.2143e-02, 3.1208e-02, 5.3423e-02,
         2.4265e-02],
        [2.3116e-02, 5.7158e-03, 4.7944e-03, 5.5006e-03, 9.2519e-01, 1.6721e-02,
         1.8967e-02],
        [5.6354e-03, 7.5894e-02, 3.2590e-03, 4.5366e-01, 3.7230e-02, 3.4633e-01,
         7.7990e-02],
        [1.4255e-04, 3.7717e-04, 2.2620e-04, 1.5561e-04, 9.4413e-04, 3.5561e-03,
         9.9460e-01]], device='cuda:0')
**bs에 맞지않음!!!!!**


line 303 => train data수 3655
line 258 => 인스턴스 수 523
=======test_loader=======
=======dev_loader=======
=======train_labeled_loader=======
=======finish=======
>>Epoch 8 Step 700 acc_test 0.204918 f1_test 0.167414 acc_val 0.377850 f1_val 0.296029 acc_train 0.933516 f1_train 0.882455 psl_cor 1228 psl_totl 3471 pslt_global 0.800000  Tim 0:09:39
acc_train_cw(현재 train의 class별 acc) [0.957, 0.9, 0.436, 0.971, 0.998, 0.939, 0.747]
cw_psl_total_eval(이전 pseudo label 클래스별 총 샘플 수):  [777, 516, 10, 441, 867, 560, 300]
cw_psl_correct_eval(이전 pseudo label 클래스별 맞은 샘플 수):  [368, 188, 6, 224, 199, 125, 118]
psl_acc(이전 PSL 평가에서의 정확도):  0.354 
cw_psl_acc(이전 클래스별 PSL 평가에서의 정확도):  [0.47361648082733154, 0.3643410801887512, 0.6000000238418579, 0.5079365372657776, 0.22952710092067719, 0.2232142835855484, 0.3933333456516266]
train batch instace수가 7안됨 pass
tensor([[4.9389e-03, 4.7468e-03, 5.9142e-04, 9.9729e-03, 9.5001e-03, 9.6469e-01,
         5.5587e-03],
        [3.1849e-03, 4.6940e-03, 1.8068e-03, 1.0467e-01, 1.1486e-01, 7.3556e-01,
         3.5232e-02],
        [7.3322e-04, 1.0054e-03, 5.7537e-04, 9.6497e-01, 2.6584e-02, 1.9009e-03,
         4.2288e-03],
        [2.2476e-03, 9.7299e-01, 3.0708e-04, 9.3589e-03, 1.8275e-03, 8.6696e-03,
         4.5945e-03],
        [4.2975e-03, 9.2411e-04, 9.0969e-04, 3.3702e-03, 9.2868e-01, 4.3719e-02,
         1.8102e-02],
        [1.5983e-02, 7.4394e-03, 6.7143e-03, 1.9417e-01, 6.3620e-02, 4.6360e-01,
         2.4847e-01],
        [4.8503e-03, 7.2061e-03, 5.4604e-04, 1.7905e-03, 3.6654e-02, 1.1985e-01,
         8.2910e-01]], device='cuda:0')
**bs에 맞지않음!!!!!**


line 303 => train data수 3845
line 258 => 인스턴스 수 550
=======test_loader=======
=======dev_loader=======
=======train_labeled_loader=======
=======finish=======
>>Epoch 9 Step 1223 acc_test 0.227459 f1_test 0.187839 acc_val 0.348534 f1_val 0.269911 acc_train 0.960468 f1_train 0.935452 psl_cor 1254 psl_totl 3743 pslt_global 0.800000  Tim 0:12:38
acc_train_cw(현재 train의 class별 acc) [0.974, 0.96, 0.688, 0.963, 0.996, 0.947, 0.829]
cw_psl_total_eval(이전 pseudo label 클래스별 총 샘플 수):  [759, 543, 22, 419, 1086, 700, 214]
cw_psl_correct_eval(이전 pseudo label 클래스별 맞은 샘플 수):  [365, 192, 11, 207, 222, 160, 97]
psl_acc(이전 PSL 평가에서의 정확도):  0.335 
cw_psl_acc(이전 클래스별 PSL 평가에서의 정확도):  [0.48089590668678284, 0.3535911738872528, 0.5, 0.49403342604637146, 0.20441989600658417, 0.22857142984867096, 0.4532710313796997]
train batch instace수가 7안됨 pass
tensor([[3.4741e-03, 2.0976e-03, 2.2747e-03, 3.7126e-02, 7.0217e-03, 9.4239e-01,
         5.6157e-03],
        [6.3999e-04, 5.7094e-03, 1.6787e-03, 3.8328e-02, 2.0742e-02, 9.3079e-01,
         2.1137e-03],
        [1.0886e-04, 1.1187e-03, 3.3799e-04, 9.9501e-01, 1.6880e-03, 7.5436e-04,
         9.8521e-04],
        [5.9123e-03, 7.2935e-01, 1.2988e-03, 5.3730e-03, 2.8831e-02, 2.1057e-01,
         1.8668e-02],
        [2.2488e-03, 9.0353e-04, 1.8741e-03, 5.0048e-04, 9.4114e-01, 3.5359e-02,
         1.7970e-02],
        [1.8506e-03, 3.1861e-03, 2.1309e-03, 8.2110e-01, 6.0855e-03, 1.4660e-01,
         1.9040e-02],
        [2.4683e-03, 6.5266e-02, 1.0874e-03, 6.4660e-03, 1.8990e-02, 2.5344e-01,
         6.5228e-01]], device='cuda:0')
**bs에 맞지않음!!!!!**


line 303 => train data수 3887
line 258 => 인스턴스 수 556
=======test_loader=======
=======dev_loader=======
=======train_labeled_loader=======
=======finish=======
>>Epoch 10 Step 1773 acc_test 0.229508 f1_test 0.185803 acc_val 0.371336 f1_val 0.305820 acc_train 0.976074 f1_train 0.964785 psl_cor 1285 psl_totl 3723 pslt_global 0.800000  Tim 0:15:42
acc_train_cw(현재 train의 class별 acc) [0.988, 0.953, 0.857, 0.996, 0.983, 0.974, 0.947]
cw_psl_total_eval(이전 pseudo label 클래스별 총 샘플 수):  [756, 524, 35, 460, 996, 746, 206]
cw_psl_correct_eval(이전 pseudo label 클래스별 맞은 샘플 수):  [362, 195, 18, 226, 209, 174, 101]
psl_acc(이전 PSL 평가에서의 정확도):  0.345 
cw_psl_acc(이전 클래스별 PSL 평가에서의 정확도):  [0.47883597016334534, 0.3721373975276947, 0.5142857432365417, 0.49130433797836304, 0.2098393589258194, 0.23324397206306458, 0.4902912676334381]
train batch instace수가 7안됨 pass
tensor([[5.1523e-04, 1.6247e-03, 1.7321e-03, 3.8840e-01, 1.8129e-02, 5.8369e-01,
         5.9141e-03],
        [1.9067e-04, 5.9535e-04, 3.9266e-04, 3.2176e-03, 3.9694e-03, 9.9102e-01,
         6.1790e-04],
        [1.1065e-03, 9.0811e-03, 1.0514e-03, 9.4692e-01, 2.0775e-02, 1.6253e-02,
         4.8091e-03],
        [1.4072e-03, 9.4974e-01, 2.6246e-04, 1.7748e-03, 3.9950e-03, 3.8549e-02,
         4.2759e-03],
        [1.0377e-03, 3.5508e-03, 1.2143e-03, 3.0419e-03, 3.7646e-01, 6.0010e-01,
         1.4594e-02],
        [4.1602e-04, 3.7774e-03, 9.9447e-04, 2.0193e-01, 1.5366e-02, 7.6874e-01,
         8.7798e-03],
        [1.1184e-03, 1.5726e-02, 2.5595e-04, 1.3204e-03, 4.9066e-03, 3.0565e-02,
         9.4611e-01]], device='cuda:0')
**bs에 맞지않음!!!!!**


line 303 => train data수 3898
line 258 => 인스턴스 수 557
=======test_loader=======
=======dev_loader=======
=======train_labeled_loader=======
=======finish=======
>>Epoch 11 Step 2329 acc_test 0.229508 f1_test 0.188411 acc_val 0.371336 f1_val 0.293742 acc_train 0.979477 f1_train 0.970552 psl_cor 1324 psl_totl 3736 pslt_global 0.800000  Tim 0:18:48
acc_train_cw(현재 train의 class별 acc) [0.997, 0.958, 0.861, 0.982, 0.985, 0.983, 0.945]
cw_psl_total_eval(이전 pseudo label 클래스별 총 샘플 수):  [784, 544, 29, 490, 904, 758, 227]
cw_psl_correct_eval(이전 pseudo label 클래스별 맞은 샘플 수):  [373, 201, 13, 254, 201, 169, 113]
psl_acc(이전 PSL 평가에서의 정확도):  0.354 
cw_psl_acc(이전 클래스별 PSL 평가에서의 정확도):  [0.47576531767845154, 0.3694852888584137, 0.4482758641242981, 0.518367350101471, 0.22234512865543365, 0.2229551523923874, 0.4977973699569702]
train batch instace수가 7안됨 pass
tensor([[4.1167e-03, 3.8710e-04, 1.5307e-04, 1.7540e-04, 1.6782e-03, 9.9326e-01,
         2.3202e-04],
        [1.0040e-03, 1.1123e-03, 3.5560e-04, 3.3355e-03, 1.8167e-02, 9.7541e-01,
         6.1425e-04],
        [3.0020e-04, 4.9224e-04, 2.7479e-04, 9.9262e-01, 1.6313e-03, 3.6012e-03,
         1.0781e-03],
        [2.9549e-03, 9.8929e-01, 2.7668e-04, 2.5735e-03, 1.4346e-03, 2.8586e-03,
         6.1443e-04],
        [6.3014e-03, 4.3250e-03, 1.0959e-03, 6.3799e-03, 4.9190e-01, 4.8760e-01,
         2.3934e-03],
        [1.6989e-03, 4.2572e-03, 1.8220e-03, 8.2239e-01, 1.3537e-02, 1.4538e-01,
         1.0916e-02],
        [5.3456e-03, 6.1520e-03, 6.1699e-04, 7.6284e-03, 3.1620e-03, 9.1655e-02,
         8.8544e-01]], device='cuda:0')
**bs에 맞지않음!!!!!**


line 303 => train data수 3900
line 258 => 인스턴스 수 558
=======test_loader=======
=======dev_loader=======
=======train_labeled_loader=======
=======finish=======
>>Epoch 12 Step 2886 acc_test 0.266393 f1_test 0.198169 acc_val 0.328990 f1_val 0.277880 acc_train 0.980513 f1_train 0.971704 psl_cor 1301 psl_totl 3773 pslt_global 0.800000  Tim 0:21:54
acc_train_cw(현재 train의 class별 acc) [0.996, 0.96, 0.879, 0.98, 0.98, 0.992, 0.953]
cw_psl_total_eval(이전 pseudo label 클래스별 총 샘플 수):  [794, 543, 28, 435, 931, 824, 218]
cw_psl_correct_eval(이전 pseudo label 클래스별 맞은 샘플 수):  [373, 197, 12, 224, 200, 184, 111]
psl_acc(이전 PSL 평가에서의 정확도):  0.345 
cw_psl_acc(이전 클래스별 PSL 평가에서의 정확도):  [0.4697732925415039, 0.3627992570400238, 0.4285714328289032, 0.5149425268173218, 0.21482276916503906, 0.223300963640213, 0.5091742873191833]
train batch instace수가 7안됨 pass
tensor([[2.9118e-04, 2.5783e-04, 8.4562e-05, 2.1924e-04, 7.4659e-04, 9.9800e-01,
         3.9838e-04],
        [2.2544e-03, 2.0226e-03, 1.6173e-03, 4.5618e-01, 4.2525e-03, 5.3274e-01,
         9.3953e-04],
        [2.1889e-03, 2.1953e-04, 4.6516e-04, 9.9224e-01, 1.8598e-03, 2.8910e-03,
         1.3538e-04],
        [9.6579e-04, 9.7585e-01, 5.2001e-04, 3.9028e-03, 4.0755e-04, 1.1639e-03,
         1.7191e-02],
        [4.3576e-04, 1.5701e-02, 5.4167e-04, 2.6243e-03, 9.6448e-01, 1.3838e-02,
         2.3839e-03],
        [8.1311e-04, 5.4521e-04, 3.3935e-04, 9.9061e-01, 8.4613e-04, 6.6080e-03,
         2.4019e-04],
        [2.5336e-04, 3.6066e-03, 7.9065e-05, 6.7398e-04, 4.6836e-04, 2.3365e-03,
         9.9258e-01]], device='cuda:0')
**bs에 맞지않음!!!!!**


line 303 => train data수 3902
line 258 => 인스턴스 수 558
=======test_loader=======
=======dev_loader=======
=======train_labeled_loader=======
=======finish=======
>>Epoch 13 Step 3444 acc_test 0.235656 f1_test 0.190536 acc_val 0.348534 f1_val 0.250995 acc_train 0.983086 f1_train 0.973666 psl_cor 1309 psl_totl 3827 pslt_global 0.800000  Tim 0:25:00
acc_train_cw(현재 train의 class별 acc) [0.987, 0.984, 0.824, 0.994, 0.994, 0.962, 0.988]
cw_psl_total_eval(이전 pseudo label 클래스별 총 샘플 수):  [791, 560, 26, 487, 999, 725, 239]
cw_psl_correct_eval(이전 pseudo label 클래스별 맞은 샘플 수):  [362, 205, 12, 242, 209, 162, 117]
psl_acc(이전 PSL 평가에서의 정확도):  0.342 
cw_psl_acc(이전 클래스별 PSL 평가에서의 정확도):  [0.45764854550361633, 0.3660714328289032, 0.4615384638309479, 0.4969199299812317, 0.20920920372009277, 0.2234482765197754, 0.4895397424697876]
train batch instace수가 7안됨 pass
tensor([[9.3165e-04, 4.2133e-04, 1.5014e-04, 7.8987e-04, 4.3819e-04, 9.9576e-01,
         1.5046e-03],
        [1.2877e-03, 5.0328e-04, 1.6827e-04, 1.1794e-02, 7.3813e-04, 9.8485e-01,
         6.6280e-04],
        [6.9750e-04, 1.1037e-03, 1.9299e-04, 9.9608e-01, 2.4538e-04, 1.0921e-03,
         5.8383e-04],
        [1.5493e-03, 9.9128e-01, 2.8563e-04, 5.4124e-04, 2.3255e-04, 3.0259e-03,
         3.0878e-03],
        [4.9563e-04, 4.8462e-04, 1.3687e-04, 1.9227e-03, 6.6977e-03, 9.8932e-01,
         9.4300e-04],
        [4.0938e-04, 4.5831e-04, 1.7758e-04, 9.9476e-01, 5.7879e-04, 2.8413e-03,
         7.7559e-04],
        [2.4498e-03, 9.1039e-03, 3.0278e-04, 8.6206e-04, 7.3008e-04, 3.3380e-02,
         9.5317e-01]], device='cuda:0')
**bs에 맞지않음!!!!!**


line 303 => train data수 3902
line 258 => 인스턴스 수 558
=======test_loader=======
=======dev_loader=======
=======train_labeled_loader=======
=======finish=======
>>Epoch 14 Step 4002 acc_test 0.250000 f1_test 0.192305 acc_val 0.319218 f1_val 0.229201 acc_train 0.975397 f1_train 0.951242 psl_cor 1325 psl_totl 3761 pslt_global 0.800000  Tim 0:28:06
acc_train_cw(현재 train의 class별 acc) [0.99, 0.98, 0.652, 0.992, 0.941, 0.993, 0.983]
cw_psl_total_eval(이전 pseudo label 클래스별 총 샘플 수):  [875, 603, 9, 477, 761, 813, 223]
cw_psl_correct_eval(이전 pseudo label 클래스별 맞은 샘플 수):  [402, 207, 5, 238, 186, 179, 108]
psl_acc(이전 PSL 평가에서의 정확도):  0.352 
cw_psl_acc(이전 클래스별 PSL 평가에서의 정확도):  [0.4594285786151886, 0.34328359365463257, 0.5555555820465088, 0.49895179271698, 0.24441523849964142, 0.2201721966266632, 0.48430493474006653]
train batch instace수가 7안됨 pass
tensor([[7.2560e-04, 4.4786e-04, 5.4606e-04, 3.7568e-03, 5.4562e-03, 9.8823e-01,
         8.4202e-04],
        [2.5530e-03, 1.5696e-02, 2.7239e-03, 6.0821e-01, 1.1106e-02, 3.5636e-01,
         3.3497e-03],
        [9.3885e-05, 5.0989e-04, 3.2126e-04, 9.9728e-01, 3.9077e-04, 8.0057e-04,
         6.0384e-04],
        [1.3500e-03, 9.9498e-01, 2.3864e-04, 9.7542e-04, 2.6256e-04, 6.5612e-04,
         1.5418e-03],
        [1.1959e-03, 2.6142e-04, 6.5801e-04, 3.5410e-03, 5.5167e-03, 9.8834e-01,
         4.8878e-04],
        [5.8691e-04, 5.9520e-04, 9.0746e-04, 9.5729e-01, 1.5440e-03, 3.8370e-02,
         7.0292e-04],
        [2.6075e-04, 6.7414e-05, 2.7537e-05, 2.0306e-05, 2.6447e-04, 2.8135e-04,
         9.9908e-01]], device='cuda:0')
**bs에 맞지않음!!!!!**


line 303 => train data수 3902
line 258 => 인스턴스 수 558
=======test_loader=======
=======dev_loader=======
=======train_labeled_loader=======
=======finish=======
>>Epoch 15 Step 4560 acc_test 0.262295 f1_test 0.200503 acc_val 0.315961 f1_val 0.229048 acc_train 0.980523 f1_train 0.969788 psl_cor 1328 psl_totl 3797 pslt_global 0.800000  Tim 0:31:12
acc_train_cw(현재 train의 class별 acc) [0.99, 0.988, 0.828, 0.992, 0.952, 0.993, 0.984]
cw_psl_total_eval(이전 pseudo label 클래스별 총 샘플 수):  [881, 599, 24, 477, 779, 787, 250]
cw_psl_correct_eval(이전 pseudo label 클래스별 맞은 샘플 수):  [399, 209, 9, 234, 185, 170, 122]
psl_acc(이전 PSL 평가에서의 정확도):  0.35 
cw_psl_acc(이전 클래스별 PSL 평가에서의 정확도):  [0.4528944492340088, 0.34891486167907715, 0.375, 0.49056604504585266, 0.237483948469162, 0.2160101681947708, 0.4880000054836273]
train batch instace수가 7안됨 pass
tensor([[0.2889, 0.2180, 0.0068, 0.1339, 0.1656, 0.1302, 0.0567],
        [0.2837, 0.2173, 0.0068, 0.1233, 0.1872, 0.1090, 0.0727],
        [0.3240, 0.2187, 0.0032, 0.1371, 0.1657, 0.0931, 0.0582],
        [0.2748, 0.2507, 0.0072, 0.1220, 0.1684, 0.1009, 0.0759],
        [0.2473, 0.2526, 0.0079, 0.1608, 0.1511, 0.1017, 0.0786],
        [0.2643, 0.2256, 0.0052, 0.1611, 0.1969, 0.0881, 0.0589],
        [0.2767, 0.2603, 0.0033, 0.1356, 0.1685, 0.0999, 0.0557]],
       device='cuda:0')

line 303 => train data수 3902
line 258 => 인스턴스 수 558
=======test_loader=======
=======dev_loader=======
=======train_labeled_loader=======
=======finish=======
>>Epoch 16 Step 5118 acc_test 0.077869 f1_test 0.020641 acc_val 0.091205 f1_val 0.023881 acc_train 0.226550 f1_train 0.052773 psl_cor 0 psl_totl 0 pslt_global 0.800000  Tim 0:34:17
acc_train_cw(현재 train의 class별 acc) [1.0, 0.0, 0.0, 0.0, 0.0, 0.0, 0.0]
cw_psl_total_eval(이전 pseudo label 클래스별 총 샘플 수):  [0, 0, 0, 0, 0, 0, 0]
cw_psl_correct_eval(이전 pseudo label 클래스별 맞은 샘플 수):  [0, 0, 0, 0, 0, 0, 0]
psl_acc(PSL 평가에서의 정확도): None 
cw_psl_acc(이전 클래스별 PSL 평가에서의 정확도):  [nan, nan, nan, nan, nan, nan, nan]
Early stopping trigger at step:  5118
Best model at step:  36
**조기종료됨**

가장 높은 acc_val :  0.43973941368078173
tensor([[0.2378, 0.2647, 0.0059, 0.1452, 0.1806, 0.1020, 0.0640],
        [0.2979, 0.2289, 0.0025, 0.1377, 0.1842, 0.0909, 0.0578],
        [0.3034, 0.2300, 0.0054, 0.1210, 0.1839, 0.0988, 0.0574],
        [0.2668, 0.2525, 0.0036, 0.1416, 0.1695, 0.1020, 0.0640],
        [0.2787, 0.2675, 0.0058, 0.1217, 0.1671, 0.0919, 0.0674],
        [0.2360, 0.2663, 0.0060, 0.1245, 0.1814, 0.1234, 0.0624],
        [0.2546, 0.2864, 0.0055, 0.1024, 0.1856, 0.0981, 0.0674]],
       device='cuda:0')
acc_val 증가안된 epoch시점 :  6
early_stop_flag

Training complete!
Total training took 0:35:01 (h:mm:ss)
Load model from ./experiment/few_shot/output/5_unixcoder-base_0.0001_0.8_10_python_extended_data_net0.pth
Save training statistics in:  ./experiment/few_shot/log/20240404-100707/0/training_statistics.csv

Best_step:  36 
best_test_acc:  0.2069672131147541 
best_test_f1:  0.15370059209430537
Save best record in:  ./experiment/few_shot/log/20240404-100707/summary.csv
Save best record in:  ./experiment/few_shot/log/summary_avgrun.csv
