current work directory:  /home/imsuhan22/few-shot-tc/JointMatch_SSL/codebert/code
python_extended_data
save_name: 5_unixcoder-base_1e-05_0.8_10_python_extended_data

data_path:  ../data/../data/problem_based_split/python_extended_data

There are 1 GPU(s) available.
We will use the GPU- 0 NVIDIA GeForce RTX 3090

**line 147 모델 =>  microsoft/unixcoder-base
**tokenizer type =  microsoft/unixcoder-base 

n_labeled_per_class:  5
train_df samples: 3974
train_labeled_df samples: 35
train_unlabeled_df samples: 3939
n_classes:  7 

net_arch:  microsoft/unixcoder-base lr:  1e-05

line 303 => train data수 35
line 258 => 인스턴스 수 5
=======test_loader=======
=======dev_loader=======
=======train_labeled_loader=======
=======finish=======
>>Epoch 1 Step 0 acc_test 0.170082 f1_test 0.119786 acc_val 0.159609 f1_val 0.097550 acc_train 0.200000 f1_train 0.141657 psl_cor 0 psl_totl 0 pslt_global 0.000000  Tim 0:00:13
acc_train_cw(현재 train의 class별 acc) [0.8, 0.4, 0.0, 0.2, 0.0, 0.0, 0.0]
cw_psl_total_eval(이전 pseudo label 클래스별 총 샘플 수):  [0, 0, 0, 0, 0, 0, 0]
cw_psl_correct_eval(이전 pseudo label 클래스별 맞은 샘플 수):  [0, 0, 0, 0, 0, 0, 0]
psl_acc(PSL 평가에서의 정확도): None 
cw_psl_acc(이전 클래스별 PSL 평가에서의 정확도):  [nan, nan, nan, nan, nan, nan, nan]
Save model to ./experiment/few_shot/output/
tensor([[0.1647, 0.1365, 0.1117, 0.1444, 0.1278, 0.1677, 0.1472],
        [0.2118, 0.1251, 0.1202, 0.1097, 0.1801, 0.1464, 0.1068],
        [0.1958, 0.1454, 0.1441, 0.1023, 0.1692, 0.1388, 0.1045],
        [0.1192, 0.1550, 0.1515, 0.1795, 0.1164, 0.1363, 0.1421],
        [0.1591, 0.0994, 0.1270, 0.1736, 0.1473, 0.2059, 0.0877],
        [0.1397, 0.1224, 0.1517, 0.1502, 0.0912, 0.1976, 0.1471],
        [0.1769, 0.1168, 0.1443, 0.1772, 0.1157, 0.1211, 0.1479]],
       device='cuda:0')

line 303 => train data수 35
line 258 => 인스턴스 수 5
=======test_loader=======
=======dev_loader=======
=======train_labeled_loader=======
=======finish=======
>>Epoch 2 Step 5 acc_test 0.161885 f1_test 0.135252 acc_val 0.198697 f1_val 0.131686 acc_train 0.371429 f1_train 0.325170 psl_cor 0 psl_totl 0 pslt_global 0.800000  Tim 0:01:02
acc_train_cw(현재 train의 class별 acc) [0.8, 0.4, 0.0, 0.6, 0.4, 0.4, 0.0]
cw_psl_total_eval(이전 pseudo label 클래스별 총 샘플 수):  [0, 0, 0, 0, 0, 0, 0]
cw_psl_correct_eval(이전 pseudo label 클래스별 맞은 샘플 수):  [0, 0, 0, 0, 0, 0, 0]
psl_acc(PSL 평가에서의 정확도): None 
cw_psl_acc(이전 클래스별 PSL 평가에서의 정확도):  [nan, nan, nan, nan, nan, nan, nan]
Save model to ./experiment/few_shot/output/
tensor([[0.0932, 0.1524, 0.1417, 0.1018, 0.1910, 0.1901, 0.1297],
        [0.1739, 0.1408, 0.1000, 0.1393, 0.1555, 0.1865, 0.1041],
        [0.1622, 0.0903, 0.2805, 0.1206, 0.1650, 0.0871, 0.0944],
        [0.1207, 0.1842, 0.1509, 0.1174, 0.1079, 0.1465, 0.1723],
        [0.1283, 0.0921, 0.1895, 0.1547, 0.1768, 0.1478, 0.1109],
        [0.1363, 0.1403, 0.1749, 0.1389, 0.1355, 0.1453, 0.1288],
        [0.1003, 0.1325, 0.2648, 0.1334, 0.1024, 0.1175, 0.1491]],
       device='cuda:0')

line 303 => train data수 35
line 258 => 인스턴스 수 5
=======test_loader=======
=======dev_loader=======
=======train_labeled_loader=======
=======finish=======
>>Epoch 3 Step 10 acc_test 0.266393 f1_test 0.178283 acc_val 0.143322 f1_val 0.099867 acc_train 0.542857 f1_train 0.539991 psl_cor 0 psl_totl 0 pslt_global 0.800000  Tim 0:02:07
acc_train_cw(현재 train의 class별 acc) [0.8, 0.6, 0.6, 0.4, 0.4, 0.8, 0.2]
cw_psl_total_eval(이전 pseudo label 클래스별 총 샘플 수):  [0, 0, 0, 0, 0, 0, 0]
cw_psl_correct_eval(이전 pseudo label 클래스별 맞은 샘플 수):  [0, 0, 0, 0, 0, 0, 0]
psl_acc(PSL 평가에서의 정확도): None 
cw_psl_acc(이전 클래스별 PSL 평가에서의 정확도):  [nan, nan, nan, nan, nan, nan, nan]
tensor([[0.0801, 0.0991, 0.1653, 0.1433, 0.1395, 0.1967, 0.1759],
        [0.1519, 0.1432, 0.1085, 0.1523, 0.1567, 0.1294, 0.1580],
        [0.2718, 0.1139, 0.1837, 0.1185, 0.1095, 0.1180, 0.0846],
        [0.1114, 0.2157, 0.0704, 0.0963, 0.1040, 0.2073, 0.1949],
        [0.1095, 0.0949, 0.1260, 0.1466, 0.2108, 0.1667, 0.1456],
        [0.1311, 0.1282, 0.1632, 0.1396, 0.0899, 0.1840, 0.1641],
        [0.0660, 0.2030, 0.1621, 0.1111, 0.1976, 0.1256, 0.1347]],
       device='cuda:0')

line 303 => train data수 35
line 258 => 인스턴스 수 5
=======test_loader=======
=======dev_loader=======
=======train_labeled_loader=======
=======finish=======
>>Epoch 4 Step 15 acc_test 0.313525 f1_test 0.209271 acc_val 0.127036 f1_val 0.102562 acc_train 0.714286 f1_train 0.706262 psl_cor 0 psl_totl 0 pslt_global 0.800000  Tim 0:02:54
acc_train_cw(현재 train의 class별 acc) [0.8, 0.8, 1.0, 0.6, 0.4, 1.0, 0.4]
cw_psl_total_eval(이전 pseudo label 클래스별 총 샘플 수):  [0, 0, 0, 0, 0, 0, 0]
cw_psl_correct_eval(이전 pseudo label 클래스별 맞은 샘플 수):  [0, 0, 0, 0, 0, 0, 0]
psl_acc(PSL 평가에서의 정확도): None 
cw_psl_acc(이전 클래스별 PSL 평가에서의 정확도):  [nan, nan, nan, nan, nan, nan, nan]
tensor([[0.0865, 0.1367, 0.1352, 0.1125, 0.1432, 0.2219, 0.1641],
        [0.1282, 0.1698, 0.1019, 0.1199, 0.1459, 0.1619, 0.1723],
        [0.1688, 0.0652, 0.2544, 0.1839, 0.1364, 0.1008, 0.0906],
        [0.0667, 0.1536, 0.1221, 0.1389, 0.0916, 0.1567, 0.2704],
        [0.1234, 0.1229, 0.1628, 0.1439, 0.1146, 0.1666, 0.1659],
        [0.1290, 0.1667, 0.1288, 0.1123, 0.0834, 0.2248, 0.1550],
        [0.0908, 0.1667, 0.1418, 0.1646, 0.1049, 0.1388, 0.1924]],
       device='cuda:0')

line 303 => train data수 35
line 258 => 인스턴스 수 5
=======test_loader=======
=======dev_loader=======
=======train_labeled_loader=======
=======finish=======
>>Epoch 5 Step 20 acc_test 0.362705 f1_test 0.229646 acc_val 0.140065 f1_val 0.095337 acc_train 0.828571 f1_train 0.821681 psl_cor 0 psl_totl 0 pslt_global 0.800000  Tim 0:03:46
acc_train_cw(현재 train의 class별 acc) [1.0, 0.8, 1.0, 0.8, 0.4, 1.0, 0.8]
cw_psl_total_eval(이전 pseudo label 클래스별 총 샘플 수):  [0, 0, 0, 0, 0, 0, 0]
cw_psl_correct_eval(이전 pseudo label 클래스별 맞은 샘플 수):  [0, 0, 0, 0, 0, 0, 0]
psl_acc(PSL 평가에서의 정확도): None 
cw_psl_acc(이전 클래스별 PSL 평가에서의 정확도):  [nan, nan, nan, nan, nan, nan, nan]
tensor([[0.0692, 0.0984, 0.1054, 0.1632, 0.1444, 0.2504, 0.1690],
        [0.1459, 0.1724, 0.1159, 0.1409, 0.1114, 0.1580, 0.1556],
        [0.2795, 0.0920, 0.1793, 0.1021, 0.1096, 0.1012, 0.1363],
        [0.0841, 0.2255, 0.0729, 0.1342, 0.0719, 0.1434, 0.2681],
        [0.0886, 0.1753, 0.1673, 0.1211, 0.1236, 0.1520, 0.1721],
        [0.1573, 0.1903, 0.0921, 0.1162, 0.0755, 0.2048, 0.1638],
        [0.0997, 0.2520, 0.1162, 0.1046, 0.0936, 0.1323, 0.2016]],
       device='cuda:0')

line 303 => train data수 35
line 258 => 인스턴스 수 5
=======test_loader=======
=======dev_loader=======
=======train_labeled_loader=======
=======finish=======
>>Epoch 6 Step 25 acc_test 0.360656 f1_test 0.239234 acc_val 0.140065 f1_val 0.129781 acc_train 0.885714 f1_train 0.883045 psl_cor 0 psl_totl 0 pslt_global 0.800000  Tim 0:04:46
acc_train_cw(현재 train의 class별 acc) [1.0, 1.0, 1.0, 0.8, 0.6, 1.0, 0.8]
cw_psl_total_eval(이전 pseudo label 클래스별 총 샘플 수):  [0, 0, 0, 0, 0, 0, 0]
cw_psl_correct_eval(이전 pseudo label 클래스별 맞은 샘플 수):  [0, 0, 0, 0, 0, 0, 0]
psl_acc(PSL 평가에서의 정확도): None 
cw_psl_acc(이전 클래스별 PSL 평가에서의 정확도):  [nan, nan, nan, nan, nan, nan, nan]
tensor([[0.0808, 0.0686, 0.1775, 0.0852, 0.0878, 0.3227, 0.1774],
        [0.1090, 0.1597, 0.1126, 0.1456, 0.1468, 0.1574, 0.1688],
        [0.2174, 0.0732, 0.2116, 0.1848, 0.1455, 0.0931, 0.0744],
        [0.0622, 0.1943, 0.0737, 0.1202, 0.0763, 0.2066, 0.2667],
        [0.0914, 0.1262, 0.1504, 0.2005, 0.1727, 0.1439, 0.1149],
        [0.0742, 0.2072, 0.0702, 0.0820, 0.0923, 0.3014, 0.1727],
        [0.0885, 0.1524, 0.1315, 0.1740, 0.0788, 0.1163, 0.2585]],
       device='cuda:0')

line 303 => train data수 35
line 258 => 인스턴스 수 5
=======test_loader=======
=======dev_loader=======
=======train_labeled_loader=======
=======finish=======
>>Epoch 7 Step 30 acc_test 0.375000 f1_test 0.234162 acc_val 0.136808 f1_val 0.113720 acc_train 0.885714 f1_train 0.883045 psl_cor 0 psl_totl 0 pslt_global 0.800000  Tim 0:05:33
acc_train_cw(현재 train의 class별 acc) [1.0, 1.0, 1.0, 0.6, 0.8, 1.0, 0.8]
cw_psl_total_eval(이전 pseudo label 클래스별 총 샘플 수):  [0, 0, 0, 0, 0, 0, 0]
cw_psl_correct_eval(이전 pseudo label 클래스별 맞은 샘플 수):  [0, 0, 0, 0, 0, 0, 0]
psl_acc(PSL 평가에서의 정확도): None 
cw_psl_acc(이전 클래스별 PSL 평가에서의 정확도):  [nan, nan, nan, nan, nan, nan, nan]
tensor([[0.0862, 0.1003, 0.0787, 0.1303, 0.0883, 0.3005, 0.2157],
        [0.1106, 0.1494, 0.0733, 0.1606, 0.1510, 0.1289, 0.2262],
        [0.3314, 0.0583, 0.2001, 0.1090, 0.1790, 0.0502, 0.0719],
        [0.1138, 0.2986, 0.0743, 0.1159, 0.0601, 0.1840, 0.1533],
        [0.0684, 0.0662, 0.2315, 0.1559, 0.2397, 0.1332, 0.1051],
        [0.1181, 0.2112, 0.0845, 0.0898, 0.0707, 0.2216, 0.2041],
        [0.1132, 0.1525, 0.1599, 0.1192, 0.1589, 0.1606, 0.1358]],
       device='cuda:0')

line 303 => train data수 35
line 258 => 인스턴스 수 5
=======test_loader=======
=======dev_loader=======
=======train_labeled_loader=======
=======finish=======
>>Epoch 8 Step 35 acc_test 0.344262 f1_test 0.229183 acc_val 0.159609 f1_val 0.130297 acc_train 0.942857 f1_train 0.942569 psl_cor 0 psl_totl 0 pslt_global 0.800000  Tim 0:06:25
acc_train_cw(현재 train의 class별 acc) [1.0, 1.0, 1.0, 1.0, 0.8, 1.0, 0.8]
cw_psl_total_eval(이전 pseudo label 클래스별 총 샘플 수):  [0, 0, 0, 0, 0, 0, 0]
cw_psl_correct_eval(이전 pseudo label 클래스별 맞은 샘플 수):  [0, 0, 0, 0, 0, 0, 0]
psl_acc(PSL 평가에서의 정확도): None 
cw_psl_acc(이전 클래스별 PSL 평가에서의 정확도):  [nan, nan, nan, nan, nan, nan, nan]
tensor([[0.0890, 0.0971, 0.0866, 0.1709, 0.1647, 0.2132, 0.1785],
        [0.1349, 0.2235, 0.0607, 0.1475, 0.0989, 0.1366, 0.1978],
        [0.4178, 0.0900, 0.1571, 0.1328, 0.0963, 0.0445, 0.0615],
        [0.0809, 0.3052, 0.0501, 0.0913, 0.0453, 0.1132, 0.3141],
        [0.1012, 0.1020, 0.2365, 0.2306, 0.1368, 0.1161, 0.0768],
        [0.1201, 0.1731, 0.0813, 0.1492, 0.0708, 0.2179, 0.1879],
        [0.1207, 0.2268, 0.0877, 0.1098, 0.0934, 0.1127, 0.2490]],
       device='cuda:0')

line 303 => train data수 35
line 258 => 인스턴스 수 5
=======test_loader=======
=======dev_loader=======
=======train_labeled_loader=======
=======finish=======
>>Epoch 9 Step 40 acc_test 0.364754 f1_test 0.253006 acc_val 0.250814 f1_val 0.211447 acc_train 0.971429 f1_train 0.971140 psl_cor 0 psl_totl 0 pslt_global 0.800000  Tim 0:07:24
acc_train_cw(현재 train의 class별 acc) [1.0, 1.0, 1.0, 1.0, 0.8, 1.0, 1.0]
cw_psl_total_eval(이전 pseudo label 클래스별 총 샘플 수):  [0, 0, 0, 0, 0, 0, 0]
cw_psl_correct_eval(이전 pseudo label 클래스별 맞은 샘플 수):  [0, 0, 0, 0, 0, 0, 0]
psl_acc(PSL 평가에서의 정확도): None 
cw_psl_acc(이전 클래스별 PSL 평가에서의 정확도):  [nan, nan, nan, nan, nan, nan, nan]
Save model to ./experiment/few_shot/output/
tensor([[0.0917, 0.0778, 0.0598, 0.1349, 0.0964, 0.1910, 0.3484],
        [0.0809, 0.2839, 0.0413, 0.1034, 0.1435, 0.1577, 0.1891],
        [0.2668, 0.0766, 0.2822, 0.1668, 0.0899, 0.0635, 0.0542],
        [0.0527, 0.3239, 0.0365, 0.0934, 0.0688, 0.1870, 0.2377],
        [0.1178, 0.0865, 0.1680, 0.1942, 0.2325, 0.1131, 0.0880],
        [0.1093, 0.2319, 0.0567, 0.1271, 0.0757, 0.2417, 0.1576],
        [0.0695, 0.1667, 0.0956, 0.1758, 0.1331, 0.1845, 0.1749]],
       device='cuda:0')

line 303 => train data수 35
line 258 => 인스턴스 수 5
=======test_loader=======
=======dev_loader=======
=======train_labeled_loader=======
=======finish=======
>>Epoch 10 Step 45 acc_test 0.399590 f1_test 0.288285 acc_val 0.231270 f1_val 0.177485 acc_train 1.000000 f1_train 1.000000 psl_cor 0 psl_totl 0 pslt_global 0.800000  Tim 0:08:15
acc_train_cw(현재 train의 class별 acc) [1.0, 1.0, 1.0, 1.0, 1.0, 1.0, 1.0]
cw_psl_total_eval(이전 pseudo label 클래스별 총 샘플 수):  [0, 0, 0, 0, 0, 0, 0]
cw_psl_correct_eval(이전 pseudo label 클래스별 맞은 샘플 수):  [0, 0, 0, 0, 0, 0, 0]
psl_acc(PSL 평가에서의 정확도): None 
cw_psl_acc(이전 클래스별 PSL 평가에서의 정확도):  [nan, nan, nan, nan, nan, nan, nan]
tensor([[0.0542, 0.0594, 0.1354, 0.1559, 0.1503, 0.2546, 0.1902],
        [0.1121, 0.2254, 0.0527, 0.1089, 0.1753, 0.1280, 0.1976],
        [0.1969, 0.0530, 0.3352, 0.1656, 0.1476, 0.0629, 0.0388],
        [0.0411, 0.3335, 0.0310, 0.0906, 0.0425, 0.1752, 0.2862],
        [0.0740, 0.0948, 0.1137, 0.1285, 0.2451, 0.1869, 0.1570],
        [0.0566, 0.1004, 0.0769, 0.0900, 0.1107, 0.3608, 0.2045],
        [0.0760, 0.1312, 0.1118, 0.1484, 0.1731, 0.1550, 0.2045]],
       device='cuda:0')

line 303 => train data수 36
line 258 => 인스턴스 수 6
=======test_loader=======
=======dev_loader=======
=======train_labeled_loader=======
=======finish=======
>>Epoch 11 Step 50 acc_test 0.395492 f1_test 0.293662 acc_val 0.237785 f1_val 0.165680 acc_train 1.000000 f1_train 1.000000 psl_cor 0 psl_totl 2 pslt_global 0.800000  Tim 0:09:10
acc_train_cw(현재 train의 class별 acc) [1.0, 1.0, 1.0, 1.0, 1.0, 1.0, 1.0]
cw_psl_total_eval(이전 pseudo label 클래스별 총 샘플 수):  [0, 2, 0, 0, 0, 0, 0]
cw_psl_correct_eval(이전 pseudo label 클래스별 맞은 샘플 수):  [0, 0, 0, 0, 0, 0, 0]
psl_acc(이전 PSL 평가에서의 정확도):  0.0 
cw_psl_acc(이전 클래스별 PSL 평가에서의 정확도):  [nan, 0.0, nan, nan, nan, nan, nan]
train batch instace수가 7안됨 pass
tensor([[0.0536, 0.0617, 0.1318, 0.1636, 0.1621, 0.1850, 0.2422],
        [0.0577, 0.2151, 0.0607, 0.1205, 0.2138, 0.1099, 0.2223],
        [0.2290, 0.0507, 0.2743, 0.2457, 0.1407, 0.0316, 0.0280],
        [0.0504, 0.3011, 0.0334, 0.0901, 0.0696, 0.1908, 0.2646],
        [0.0600, 0.1403, 0.2138, 0.2337, 0.1469, 0.1210, 0.0844],
        [0.0609, 0.1741, 0.0578, 0.0982, 0.0731, 0.2946, 0.2414],
        [0.0449, 0.1313, 0.1042, 0.1518, 0.1132, 0.1845, 0.2702]],
       device='cuda:0')

line 303 => train data수 42
line 258 => 인스턴스 수 6
=======test_loader=======
=======dev_loader=======
=======train_labeled_loader=======
=======finish=======
>>Epoch 12 Step 56 acc_test 0.415984 f1_test 0.291658 acc_val 0.208469 f1_val 0.162051 acc_train 1.000000 f1_train 1.000000 psl_cor 5 psl_totl 8 pslt_global 0.800000  Tim 0:10:09
acc_train_cw(현재 train의 class별 acc) [1.0, 1.0, 1.0, 1.0, 1.0, 1.0, 1.0]
cw_psl_total_eval(이전 pseudo label 클래스별 총 샘플 수):  [5, 2, 1, 0, 0, 0, 0]
cw_psl_correct_eval(이전 pseudo label 클래스별 맞은 샘플 수):  [4, 0, 1, 0, 0, 0, 0]
psl_acc(이전 PSL 평가에서의 정확도):  0.625 
cw_psl_acc(이전 클래스별 PSL 평가에서의 정확도):  [0.800000011920929, 0.0, 1.0, nan, nan, nan, nan]
tensor([[0.0721, 0.0482, 0.0571, 0.0859, 0.0662, 0.2548, 0.4158],
        [0.1164, 0.2134, 0.0662, 0.1080, 0.1866, 0.1399, 0.1695],
        [0.3925, 0.1114, 0.1692, 0.1133, 0.1383, 0.0331, 0.0422],
        [0.0570, 0.3486, 0.0351, 0.0847, 0.0522, 0.1724, 0.2500],
        [0.1581, 0.0705, 0.3093, 0.1255, 0.1889, 0.0535, 0.0941],
        [0.1194, 0.1014, 0.0593, 0.0780, 0.0981, 0.4116, 0.1321],
        [0.1137, 0.1115, 0.1125, 0.1366, 0.1084, 0.1784, 0.2388]],
       device='cuda:0')

line 303 => train data수 46
line 258 => 인스턴스 수 7
=======test_loader=======
=======dev_loader=======
=======train_labeled_loader=======
=======finish=======
>>Epoch 13 Step 62 acc_test 0.379098 f1_test 0.250939 acc_val 0.221498 f1_val 0.200439 acc_train 1.000000 f1_train 1.000000 psl_cor 3 psl_totl 6 pslt_global 0.800000  Tim 0:10:54
acc_train_cw(현재 train의 class별 acc) [1.0, 1.0, 1.0, 1.0, 1.0, 1.0, 1.0]
cw_psl_total_eval(이전 pseudo label 클래스별 총 샘플 수):  [1, 4, 1, 0, 0, 0, 0]
cw_psl_correct_eval(이전 pseudo label 클래스별 맞은 샘플 수):  [1, 1, 1, 0, 0, 0, 0]
psl_acc(이전 PSL 평가에서의 정확도):  0.5 
cw_psl_acc(이전 클래스별 PSL 평가에서의 정확도):  [1.0, 0.25, 1.0, nan, nan, nan, nan]
train batch instace수가 7안됨 pass
tensor([[0.0875, 0.0375, 0.0862, 0.0920, 0.1684, 0.2354, 0.2929],
        [0.1053, 0.1776, 0.0360, 0.0826, 0.1399, 0.1136, 0.3451],
        [0.3896, 0.0666, 0.2787, 0.1195, 0.0859, 0.0228, 0.0369],
        [0.0516, 0.3635, 0.0207, 0.1397, 0.0301, 0.0852, 0.3093],
        [0.1405, 0.1028, 0.2915, 0.1353, 0.1720, 0.0750, 0.0829],
        [0.1045, 0.1018, 0.0630, 0.1075, 0.0757, 0.3377, 0.2098],
        [0.1113, 0.1019, 0.0891, 0.1157, 0.1211, 0.2760, 0.1849]],
       device='cuda:0')

line 303 => train data수 73
line 258 => 인스턴스 수 11
=======test_loader=======
=======dev_loader=======
=======train_labeled_loader=======
=======finish=======
>>Epoch 14 Step 69 acc_test 0.350410 f1_test 0.235703 acc_val 0.224756 f1_val 0.193883 acc_train 0.986301 f1_train 0.985971 psl_cor 18 psl_totl 32 pslt_global 0.800000  Tim 0:11:51
acc_train_cw(현재 train의 class별 acc) [1.0, 0.958, 1.0, 1.0, 1.0, 1.0, 1.0]
cw_psl_total_eval(이전 pseudo label 클래스별 총 샘플 수):  [0, 20, 2, 1, 1, 7, 1]
cw_psl_correct_eval(이전 pseudo label 클래스별 맞은 샘플 수):  [0, 10, 1, 1, 1, 5, 0]
psl_acc(이전 PSL 평가에서의 정확도):  0.562 
cw_psl_acc(이전 클래스별 PSL 평가에서의 정확도):  [nan, 0.5, 0.5, 1.0, 1.0, 0.7142857313156128, 0.0]
train batch instace수가 7안됨 pass
tensor([[0.0292, 0.0658, 0.0316, 0.0784, 0.0908, 0.4615, 0.2426],
        [0.0706, 0.5366, 0.0210, 0.0560, 0.0854, 0.0874, 0.1430],
        [0.2364, 0.0628, 0.4142, 0.0878, 0.1568, 0.0209, 0.0211],
        [0.0488, 0.4678, 0.0336, 0.0506, 0.0759, 0.1312, 0.1921],
        [0.1118, 0.1479, 0.1411, 0.2064, 0.2165, 0.0737, 0.1025],
        [0.0529, 0.5167, 0.0189, 0.0301, 0.0258, 0.1973, 0.1583],
        [0.0245, 0.1813, 0.0643, 0.1247, 0.1793, 0.2189, 0.2071]],
       device='cuda:0')

line 303 => train data수 149
line 258 => 인스턴스 수 22
=======test_loader=======
=======dev_loader=======
=======train_labeled_loader=======
=======finish=======
>>Epoch 15 Step 80 acc_test 0.448770 f1_test 0.291982 acc_val 0.198697 f1_val 0.204933 acc_train 0.973154 f1_train 0.959481 psl_cor 56 psl_totl 95 pslt_global 0.800000  Tim 0:12:52
acc_train_cw(현재 train의 class별 acc) [0.98, 0.963, 1.0, 0.9, 1.0, 1.0, 0.889]
cw_psl_total_eval(이전 pseudo label 클래스별 총 샘플 수):  [46, 10, 21, 6, 0, 9, 3]
cw_psl_correct_eval(이전 pseudo label 클래스별 맞은 샘플 수):  [37, 3, 7, 3, 0, 4, 2]
psl_acc(이전 PSL 평가에서의 정확도):  0.589 
cw_psl_acc(이전 클래스별 PSL 평가에서의 정확도):  [0.804347813129425, 0.30000001192092896, 0.3333333432674408, 0.5, nan, 0.4444444477558136, 0.6666666865348816]
train batch instace수가 7안됨 pass
tensor([[0.0264, 0.0548, 0.0253, 0.0863, 0.0692, 0.5761, 0.1619],
        [0.0588, 0.7359, 0.0086, 0.0212, 0.0646, 0.0509, 0.0600],
        [0.2601, 0.0083, 0.5544, 0.0600, 0.0728, 0.0345, 0.0100],
        [0.0170, 0.4927, 0.0324, 0.0751, 0.0317, 0.1498, 0.2013],
        [0.1187, 0.0132, 0.5981, 0.1391, 0.0611, 0.0349, 0.0348],
        [0.0508, 0.4933, 0.0200, 0.0188, 0.0141, 0.2849, 0.1180],
        [0.0329, 0.1888, 0.0621, 0.0899, 0.0884, 0.3489, 0.1890]],
       device='cuda:0')

line 303 => train data수 868
line 258 => 인스턴스 수 124
=======test_loader=======
=======dev_loader=======
=======train_labeled_loader=======
=======finish=======
>>Epoch 16 Step 102 acc_test 0.426230 f1_test 0.251384 acc_val 0.169381 f1_val 0.144884 acc_train 0.859447 f1_train 0.825762 psl_cor 385 psl_totl 824 pslt_global 0.800000  Tim 0:13:47
acc_train_cw(현재 train의 class별 acc) [0.961, 0.722, 1.0, 0.865, 0.696, 1.0, 0.684]
cw_psl_total_eval(이전 pseudo label 클래스별 총 샘플 수):  [226, 264, 152, 31, 50, 49, 52]
cw_psl_correct_eval(이전 pseudo label 클래스별 맞은 샘플 수):  [150, 113, 42, 12, 17, 29, 22]
psl_acc(이전 PSL 평가에서의 정확도):  0.467 
cw_psl_acc(이전 클래스별 PSL 평가에서의 정확도):  [0.6637167930603027, 0.4280303120613098, 0.2763157784938812, 0.3870967626571655, 0.3400000035762787, 0.5918367505073547, 0.42307692766189575]
tensor([[0.0028, 0.1049, 0.0312, 0.0522, 0.0641, 0.0947, 0.6502],
        [0.0059, 0.8801, 0.0020, 0.0060, 0.0163, 0.0093, 0.0804],
        [0.1098, 0.0018, 0.8551, 0.0139, 0.0119, 0.0026, 0.0050],
        [0.0051, 0.8845, 0.0032, 0.0113, 0.0065, 0.0116, 0.0778],
        [0.0194, 0.0149, 0.8927, 0.0181, 0.0230, 0.0040, 0.0278],
        [0.0086, 0.7483, 0.0031, 0.0055, 0.0024, 0.0555, 0.1766],
        [0.0049, 0.4033, 0.0072, 0.0542, 0.0494, 0.0517, 0.4295]],
       device='cuda:0')
**bs에 맞지않음!!!!!**


line 303 => train data수 2644
line 258 => 인스턴스 수 378
=======test_loader=======
=======dev_loader=======
=======train_labeled_loader=======
=======finish=======
>>Epoch 17 Step 226 acc_test 0.391393 f1_test 0.277679 acc_val 0.104235 f1_val 0.108177 acc_train 0.903555 f1_train 0.852532 psl_cor 944 psl_totl 2566 pslt_global 0.800000  Tim 0:15:35
acc_train_cw(현재 train의 class별 acc) [0.923, 0.981, 0.979, 0.646, 0.891, 0.877, 0.642]
cw_psl_total_eval(이전 pseudo label 클래스별 총 샘플 수):  [575, 555, 662, 31, 179, 255, 309]
cw_psl_correct_eval(이전 pseudo label 클래스별 맞은 샘플 수):  [309, 204, 168, 12, 73, 108, 70]
psl_acc(이전 PSL 평가에서의 정확도):  0.368 
cw_psl_acc(이전 클래스별 PSL 평가에서의 정확도):  [0.5373913049697876, 0.3675675690174103, 0.2537764310836792, 0.3870967626571655, 0.4078212380409241, 0.42352941632270813, 0.22653721272945404]
train batch instace수가 7안됨 pass
tensor([[8.0721e-03, 2.5862e-02, 1.8445e-01, 6.1508e-02, 4.1082e-01, 3.4858e-02,
         2.7444e-01],
        [1.4327e-03, 9.3175e-01, 1.5744e-03, 4.4118e-03, 4.1295e-02, 3.8109e-03,
         1.5723e-02],
        [7.1253e-02, 2.6384e-04, 9.2192e-01, 2.4400e-03, 2.9898e-03, 5.5048e-04,
         5.8157e-04],
        [1.1302e-03, 9.7862e-01, 7.1781e-04, 2.3309e-03, 2.4862e-03, 2.5165e-03,
         1.2203e-02],
        [5.0907e-03, 5.6374e-04, 9.7570e-01, 8.4689e-03, 6.3458e-03, 6.5044e-04,
         3.1827e-03],
        [4.5762e-03, 7.6862e-01, 1.3106e-03, 5.6679e-03, 2.5329e-03, 8.8816e-02,
         1.2848e-01],
        [6.6973e-03, 1.2898e-01, 2.8495e-02, 8.7863e-02, 8.3259e-02, 1.4130e-02,
         6.5058e-01]], device='cuda:0')
**bs에 맞지않음!!!!!**


line 303 => train data수 3425
line 258 => 인스턴스 수 490
=======test_loader=======
=======dev_loader=======
=======train_labeled_loader=======
=======finish=======
>>Epoch 18 Step 604 acc_test 0.420082 f1_test 0.303818 acc_val 0.130293 f1_val 0.148919 acc_train 0.924964 f1_train 0.901906 psl_cor 1143 psl_totl 3246 pslt_global 0.800000  Tim 0:17:59
acc_train_cw(현재 train의 class별 acc) [0.967, 0.937, 0.976, 0.754, 0.954, 0.918, 0.748]
cw_psl_total_eval(이전 pseudo label 클래스별 총 샘플 수):  [648, 707, 680, 56, 403, 376, 376]
cw_psl_correct_eval(이전 pseudo label 클래스별 맞은 샘플 수):  [330, 244, 175, 20, 130, 154, 90]
psl_acc(이전 PSL 평가에서의 정확도):  0.352 
cw_psl_acc(이전 클래스별 PSL 평가에서의 정확도):  [0.5092592835426331, 0.34512022137641907, 0.25735294818878174, 0.3571428656578064, 0.32258063554763794, 0.4095744788646698, 0.2393617033958435]
train batch instace수가 7안됨 pass
tensor([[1.6493e-03, 1.7439e-03, 3.8883e-01, 3.4952e-02, 5.0158e-01, 1.9579e-02,
         5.1667e-02],
        [9.2457e-04, 9.3751e-01, 1.7356e-03, 3.3249e-03, 4.9929e-02, 2.1702e-03,
         4.4071e-03],
        [1.4304e-02, 1.0656e-04, 9.8312e-01, 1.0081e-03, 1.0273e-03, 1.1519e-04,
         3.2347e-04],
        [5.5655e-04, 9.8718e-01, 5.1229e-04, 4.0150e-03, 1.7583e-03, 2.0064e-03,
         3.9670e-03],
        [1.7459e-03, 4.0686e-04, 9.9287e-01, 1.2568e-03, 1.6327e-03, 2.9707e-04,
         1.7858e-03],
        [3.7033e-03, 6.2720e-01, 2.6363e-03, 6.0990e-03, 8.5619e-04, 1.3759e-01,
         2.2192e-01],
        [2.4950e-03, 9.6879e-03, 9.8054e-03, 1.0045e-01, 1.8545e-01, 8.6467e-02,
         6.0564e-01]], device='cuda:0')
**bs에 맞지않음!!!!!**


line 303 => train data수 3806
line 258 => 인스턴스 수 544
=======test_loader=======
=======dev_loader=======
=======train_labeled_loader=======
=======finish=======
>>Epoch 19 Step 1094 acc_test 0.393443 f1_test 0.266281 acc_val 0.127036 f1_val 0.093725 acc_train 0.899369 f1_train 0.880146 psl_cor 1224 psl_totl 3655 pslt_global 0.800000  Tim 0:20:46
acc_train_cw(현재 train의 class별 acc) [0.942, 0.753, 0.995, 0.765, 0.949, 0.935, 0.781]
cw_psl_total_eval(이전 pseudo label 클래스별 총 샘플 수):  [685, 575, 906, 93, 428, 554, 414]
cw_psl_correct_eval(이전 pseudo label 클래스별 맞은 샘플 수):  [330, 206, 219, 30, 125, 199, 115]
psl_acc(이전 PSL 평가에서의 정확도):  0.335 
cw_psl_acc(이전 클래스별 PSL 평가에서의 정확도):  [0.48175182938575745, 0.3582608699798584, 0.24172185361385345, 0.32258063554763794, 0.2920560836791992, 0.35920578241348267, 0.2777777910232544]
Early stopping trigger at step:  1094
Best model at step:  40
**조기종료됨**

가장 높은 acc_val :  0.250814332247557
tensor([[1.5439e-03, 2.1761e-03, 4.2968e-01, 2.2033e-02, 4.8536e-01, 1.5076e-02,
         4.4136e-02],
        [9.1690e-04, 9.3572e-01, 1.9304e-03, 5.7418e-03, 4.4748e-02, 4.9712e-03,
         5.9739e-03],
        [2.7441e-02, 2.5260e-04, 9.6693e-01, 2.3187e-03, 1.9584e-03, 2.8315e-04,
         8.2018e-04],
        [8.5778e-04, 9.8842e-01, 9.3526e-04, 2.5102e-03, 1.2949e-03, 1.7309e-03,
         4.2513e-03],
        [1.6033e-03, 1.4570e-04, 9.9387e-01, 1.1470e-03, 1.2340e-03, 4.1461e-04,
         1.5855e-03],
        [3.3544e-03, 7.7916e-01, 1.0924e-03, 5.3385e-03, 1.1164e-03, 8.5766e-02,
         1.2417e-01],
        [6.0870e-03, 3.1876e-02, 2.0377e-02, 2.6829e-01, 1.0301e-01, 1.0547e-01,
         4.6490e-01]], device='cuda:0')
**bs에 맞지않음!!!!!**

acc_val 증가안된 epoch시점 :  9
early_stop_flag

Training complete!
Total training took 0:21:34 (h:mm:ss)
Load model from ./experiment/few_shot/output/5_unixcoder-base_1e-05_0.8_10_python_extended_data_net0.pth
Save training statistics in:  ./experiment/few_shot/log/20240404-073242/0/training_statistics.csv

Best_step:  40 
best_test_acc:  0.36475409836065575 
best_test_f1:  0.2530056596244895
Save best record in:  ./experiment/few_shot/log/20240404-073242/summary.csv
Save best record in:  ./experiment/few_shot/log/summary_avgrun.csv
