current work directory:  /home/imsuhan22/few-shot-tc/JointMatch_SSL/codebert/code
python_extended_data
save_name: 5_unixcoder-base_0.0001_0.7_30_python_extended_data

data_path:  ../data/../data/problem_based_split/python_extended_data

There are 1 GPU(s) available.
We will use the GPU- 0 NVIDIA GeForce RTX 3090

**line 147 모델 =>  microsoft/unixcoder-base
**tokenizer type =  microsoft/unixcoder-base 

n_labeled_per_class:  5
train_df samples: 3974
train_labeled_df samples: 35
train_unlabeled_df samples: 3939
n_classes:  7 

net_arch:  microsoft/unixcoder-base lr:  0.0001

line 303 => train data수 35
line 258 => 인스턴스 수 5
=======test_loader=======
=======dev_loader=======
=======train_labeled_loader=======
=======finish=======
>>Epoch 1 Step 0 acc_test 0.170082 f1_test 0.119786 acc_val 0.159609 f1_val 0.097550 acc_train 0.200000 f1_train 0.141657 psl_cor 0 psl_totl 0 pslt_global 0.000000  Tim 0:00:11
acc_train_cw(현재 train의 class별 acc) [0.8, 0.4, 0.0, 0.2, 0.0, 0.0, 0.0]
cw_psl_total_eval(이전 pseudo label 클래스별 총 샘플 수):  [0, 0, 0, 0, 0, 0, 0]
cw_psl_correct_eval(이전 pseudo label 클래스별 맞은 샘플 수):  [0, 0, 0, 0, 0, 0, 0]
psl_acc(PSL 평가에서의 정확도): None 
cw_psl_acc(이전 클래스별 PSL 평가에서의 정확도):  [nan, nan, nan, nan, nan, nan, nan]
Save model to ./experiment/few_shot/output/
tensor([[0.2084, 0.1554, 0.1344, 0.1318, 0.0914, 0.1279, 0.1506],
        [0.2233, 0.1280, 0.1811, 0.1141, 0.1152, 0.1141, 0.1243],
        [0.2038, 0.1310, 0.1631, 0.1171, 0.1752, 0.1007, 0.1091],
        [0.2219, 0.1813, 0.1208, 0.1369, 0.1130, 0.1001, 0.1261],
        [0.2825, 0.1001, 0.1538, 0.1457, 0.1073, 0.1047, 0.1060],
        [0.2006, 0.1646, 0.1112, 0.1340, 0.1018, 0.1377, 0.1501],
        [0.2197, 0.1355, 0.1290, 0.1477, 0.0824, 0.1248, 0.1608]],
       device='cuda:0')

line 303 => train data수 35
line 258 => 인스턴스 수 5
=======test_loader=======
=======dev_loader=======
=======train_labeled_loader=======
=======finish=======
>>Epoch 2 Step 5 acc_test 0.077869 f1_test 0.020641 acc_val 0.091205 f1_val 0.023952 acc_train 0.142857 f1_train 0.035714 psl_cor 0 psl_totl 0 pslt_global 0.700000  Tim 0:00:52
acc_train_cw(현재 train의 class별 acc) [1.0, 0.0, 0.0, 0.0, 0.0, 0.0, 0.0]
cw_psl_total_eval(이전 pseudo label 클래스별 총 샘플 수):  [0, 0, 0, 0, 0, 0, 0]
cw_psl_correct_eval(이전 pseudo label 클래스별 맞은 샘플 수):  [0, 0, 0, 0, 0, 0, 0]
psl_acc(PSL 평가에서의 정확도): None 
cw_psl_acc(이전 클래스별 PSL 평가에서의 정확도):  [nan, nan, nan, nan, nan, nan, nan]
tensor([[0.0910, 0.1631, 0.0959, 0.0897, 0.1498, 0.1989, 0.2115],
        [0.0950, 0.2481, 0.0878, 0.1101, 0.1352, 0.1720, 0.1517],
        [0.1041, 0.1525, 0.2231, 0.1809, 0.1205, 0.1133, 0.1056],
        [0.0956, 0.1817, 0.1060, 0.1059, 0.1310, 0.1657, 0.2139],
        [0.0655, 0.1565, 0.1099, 0.0973, 0.1873, 0.1888, 0.1947],
        [0.0671, 0.1976, 0.1322, 0.0987, 0.0928, 0.1835, 0.2282],
        [0.0663, 0.1095, 0.1255, 0.1154, 0.1148, 0.2089, 0.2596]],
       device='cuda:0')

line 303 => train data수 35
line 258 => 인스턴스 수 5
=======test_loader=======
=======dev_loader=======
=======train_labeled_loader=======
=======finish=======
>>Epoch 3 Step 10 acc_test 0.442623 f1_test 0.307378 acc_val 0.162866 f1_val 0.101342 acc_train 0.771429 f1_train 0.777278 psl_cor 0 psl_totl 0 pslt_global 0.700000  Tim 0:01:32
acc_train_cw(현재 train의 class별 acc) [0.6, 0.8, 0.8, 0.8, 0.6, 0.8, 1.0]
cw_psl_total_eval(이전 pseudo label 클래스별 총 샘플 수):  [0, 0, 0, 0, 0, 0, 0]
cw_psl_correct_eval(이전 pseudo label 클래스별 맞은 샘플 수):  [0, 0, 0, 0, 0, 0, 0]
psl_acc(PSL 평가에서의 정확도): None 
cw_psl_acc(이전 클래스별 PSL 평가에서의 정확도):  [nan, nan, nan, nan, nan, nan, nan]
Save model to ./experiment/few_shot/output/
tensor([[0.1200, 0.1306, 0.0896, 0.1503, 0.1599, 0.1971, 0.1525],
        [0.1247, 0.2014, 0.0636, 0.1612, 0.1748, 0.1438, 0.1304],
        [0.2761, 0.0983, 0.1029, 0.2332, 0.1667, 0.0648, 0.0581],
        [0.0935, 0.1991, 0.0680, 0.1315, 0.1962, 0.1848, 0.1269],
        [0.1240, 0.1151, 0.0908, 0.1213, 0.1918, 0.1652, 0.1918],
        [0.1077, 0.2100, 0.0700, 0.1092, 0.1598, 0.1692, 0.1741],
        [0.1076, 0.1970, 0.0843, 0.1038, 0.1643, 0.1438, 0.1991]],
       device='cuda:0')

line 303 => train data수 35
line 258 => 인스턴스 수 5
=======test_loader=======
=======dev_loader=======
=======train_labeled_loader=======
=======finish=======
>>Epoch 4 Step 15 acc_test 0.327869 f1_test 0.259654 acc_val 0.299674 f1_val 0.227002 acc_train 0.828571 f1_train 0.808390 psl_cor 0 psl_totl 0 pslt_global 0.700000  Tim 0:02:23
acc_train_cw(현재 train의 class별 acc) [1.0, 1.0, 0.2, 1.0, 1.0, 0.8, 0.8]
cw_psl_total_eval(이전 pseudo label 클래스별 총 샘플 수):  [0, 0, 0, 0, 0, 0, 0]
cw_psl_correct_eval(이전 pseudo label 클래스별 맞은 샘플 수):  [0, 0, 0, 0, 0, 0, 0]
psl_acc(PSL 평가에서의 정확도): None 
cw_psl_acc(이전 클래스별 PSL 평가에서의 정확도):  [nan, nan, nan, nan, nan, nan, nan]
Save model to ./experiment/few_shot/output/
tensor([[0.0437, 0.1123, 0.0912, 0.1279, 0.1144, 0.3079, 0.2026],
        [0.0434, 0.1175, 0.1377, 0.1070, 0.1568, 0.2013, 0.2362],
        [0.2218, 0.0251, 0.3818, 0.2062, 0.1012, 0.0321, 0.0318],
        [0.0323, 0.1657, 0.0589, 0.0869, 0.1618, 0.2116, 0.2829],
        [0.1018, 0.0881, 0.3119, 0.1233, 0.1263, 0.1120, 0.1365],
        [0.0206, 0.1247, 0.0423, 0.0539, 0.0787, 0.5197, 0.1601],
        [0.0317, 0.1859, 0.0718, 0.0671, 0.1052, 0.2501, 0.2883]],
       device='cuda:0')

line 303 => train data수 178
line 258 => 인스턴스 수 26
=======test_loader=======
=======dev_loader=======
=======train_labeled_loader=======
=======finish=======
>>Epoch 5 Step 20 acc_test 0.420082 f1_test 0.263172 acc_val 0.185668 f1_val 0.103626 acc_train 0.859551 f1_train 0.843273 psl_cor 85 psl_totl 144 pslt_global 0.700000  Tim 0:03:11
acc_train_cw(현재 train의 class별 acc) [0.807, 1.0, 1.0, 0.889, 0.6, 1.0, 0.95]
cw_psl_total_eval(이전 pseudo label 클래스별 총 샘플 수):  [105, 13, 7, 4, 0, 0, 15]
cw_psl_correct_eval(이전 pseudo label 클래스별 맞은 샘플 수):  [65, 9, 3, 3, 0, 0, 5]
psl_acc(이전 PSL 평가에서의 정확도):  0.59 
cw_psl_acc(이전 클래스별 PSL 평가에서의 정확도):  [0.6190476417541504, 0.692307710647583, 0.4285714328289032, 0.75, nan, nan, 0.3333333432674408]
train batch instace수가 7안됨 pass
tensor([[0.0361, 0.0313, 0.1156, 0.0545, 0.2356, 0.4686, 0.0583],
        [0.0183, 0.0464, 0.0914, 0.0646, 0.5658, 0.1782, 0.0353],
        [0.8187, 0.0036, 0.1112, 0.0030, 0.0519, 0.0095, 0.0022],
        [0.0123, 0.8274, 0.0071, 0.0194, 0.0426, 0.0684, 0.0228],
        [0.0418, 0.0188, 0.1919, 0.0626, 0.5430, 0.1147, 0.0271],
        [0.0625, 0.0580, 0.0797, 0.0549, 0.1061, 0.6193, 0.0194],
        [0.0365, 0.3221, 0.0429, 0.0290, 0.2381, 0.2213, 0.1101]],
       device='cuda:0')
**bs에 맞지않음!!!!!**


line 303 => train data수 1876
line 258 => 인스턴스 수 268
=======test_loader=======
=======dev_loader=======
=======train_labeled_loader=======
=======finish=======
>>Epoch 6 Step 46 acc_test 0.301230 f1_test 0.200647 acc_val 0.208469 f1_val 0.226633 acc_train 0.970682 f1_train 0.959431 psl_cor 700 psl_totl 1874 pslt_global 0.700000  Tim 0:04:08
acc_train_cw(현재 train의 class별 acc) [1.0, 0.933, 0.977, 0.881, 0.954, 0.98, 0.977]
cw_psl_total_eval(이전 pseudo label 클래스별 총 샘플 수):  [597, 285, 338, 109, 128, 289, 128]
cw_psl_correct_eval(이전 pseudo label 클래스별 맞은 샘플 수):  [261, 136, 92, 24, 28, 98, 61]
psl_acc(이전 PSL 평가에서의 정확도):  0.374 
cw_psl_acc(이전 클래스별 PSL 평가에서의 정확도):  [0.43718594312667847, 0.4771929681301117, 0.27218934893608093, 0.22018349170684814, 0.21875, 0.33910036087036133, 0.4765625]
tensor([[1.5805e-03, 1.0057e-02, 1.0217e-02, 6.1737e-03, 3.4458e-02, 9.3471e-01,
         2.8061e-03],
        [8.7498e-04, 3.1105e-02, 3.9387e-02, 6.4926e-03, 7.9804e-01, 1.1701e-01,
         7.0859e-03],
        [9.7845e-01, 1.2500e-02, 3.4672e-03, 8.8683e-04, 1.6383e-03, 2.3792e-03,
         6.7415e-04],
        [1.1148e-03, 9.9317e-01, 8.7936e-04, 4.5153e-04, 4.1884e-04, 3.0652e-03,
         8.9548e-04],
        [6.0512e-04, 8.1756e-03, 6.2987e-02, 3.1569e-03, 8.9886e-01, 2.3287e-02,
         2.9256e-03],
        [7.2782e-04, 1.1450e-02, 2.8753e-03, 3.5494e-03, 1.5556e-02, 9.6469e-01,
         1.1507e-03],
        [1.2795e-03, 9.8440e-01, 2.0436e-03, 8.8516e-04, 1.5995e-03, 8.3705e-03,
         1.4194e-03]], device='cuda:0')
**bs에 맞지않음!!!!!**


line 303 => train data수 3442
line 258 => 인스턴스 수 492
=======test_loader=======
=======dev_loader=======
=======train_labeled_loader=======
=======finish=======
>>Epoch 7 Step 314 acc_test 0.358607 f1_test 0.226254 acc_val 0.162866 f1_val 0.167066 acc_train 0.970076 f1_train 0.960666 psl_cor 1089 psl_totl 3414 pslt_global 0.700000  Tim 0:05:56
acc_train_cw(현재 train의 class별 acc) [0.996, 0.946, 0.969, 0.84, 0.936, 0.998, 0.963]
cw_psl_total_eval(이전 pseudo label 클래스별 총 샘플 수):  [735, 564, 652, 76, 431, 827, 129]
cw_psl_correct_eval(이전 pseudo label 클래스별 맞은 샘플 수):  [317, 209, 176, 23, 88, 204, 72]
psl_acc(이전 PSL 평가에서의 정확도):  0.319 
cw_psl_acc(이전 클래스별 PSL 평가에서의 정확도):  [0.43129250407218933, 0.3705673813819885, 0.2699386477470398, 0.30263158679008484, 0.20417633652687073, 0.24667473137378693, 0.5581395626068115]
train batch instace수가 7안됨 pass
tensor([[2.4317e-04, 2.0710e-02, 2.7767e-04, 6.1272e-04, 4.1377e-03, 9.7320e-01,
         8.1519e-04],
        [5.2907e-04, 2.5028e-02, 1.7018e-02, 1.3513e-03, 8.9265e-01, 6.0958e-02,
         2.4653e-03],
        [9.9101e-01, 1.9415e-03, 6.3019e-03, 9.2761e-05, 4.5537e-04, 6.1070e-05,
         1.3747e-04],
        [2.7430e-03, 9.7752e-01, 7.4155e-03, 1.8602e-03, 2.5192e-03, 6.2310e-03,
         1.7083e-03],
        [1.5843e-03, 9.3885e-03, 9.0634e-02, 8.4038e-04, 8.9611e-01, 8.4823e-04,
         5.9180e-04],
        [1.6038e-04, 1.0816e-02, 3.0704e-04, 3.9022e-04, 2.9604e-03, 9.8499e-01,
         3.7792e-04],
        [1.5316e-03, 9.8322e-01, 2.3920e-03, 5.9623e-04, 1.7965e-03, 9.8108e-03,
         6.4887e-04]], device='cuda:0')
**bs에 맞지않음!!!!!**


line 303 => train data수 3768
line 258 => 인스턴스 수 539
=======test_loader=======
=======dev_loader=======
=======train_labeled_loader=======
=======finish=======
>>Epoch 8 Step 806 acc_test 0.334016 f1_test 0.241207 acc_val 0.185668 f1_val 0.187112 acc_train 0.978238 f1_train 0.974583 psl_cor 1131 psl_totl 3665 pslt_global 0.700000  Tim 0:08:26
acc_train_cw(현재 train의 class별 acc) [0.992, 0.973, 0.987, 0.943, 0.953, 0.989, 0.947]
cw_psl_total_eval(이전 pseudo label 클래스별 총 샘플 수):  [729, 617, 730, 99, 563, 802, 125]
cw_psl_correct_eval(이전 pseudo label 클래스별 맞은 샘플 수):  [318, 198, 200, 24, 114, 209, 68]
psl_acc(이전 PSL 평가에서의 정확도):  0.309 
cw_psl_acc(이전 클래스별 PSL 평가에서의 정확도):  [0.43621399998664856, 0.3209076225757599, 0.27397260069847107, 0.24242424964904785, 0.20248667895793915, 0.2605985105037689, 0.5440000295639038]
train batch instace수가 7안됨 pass
tensor([[2.6998e-04, 2.4650e-03, 1.3980e-04, 5.7875e-04, 2.6171e-02, 9.6967e-01,
         7.0882e-04],
        [6.3374e-04, 2.1889e-01, 1.7544e-02, 6.5618e-03, 4.7812e-01, 2.4926e-01,
         2.8981e-02],
        [9.2842e-01, 3.4763e-02, 3.3468e-02, 1.1237e-03, 1.0295e-03, 5.9637e-04,
         5.9715e-04],
        [1.3745e-03, 9.8569e-01, 8.1786e-03, 9.7578e-04, 7.4854e-04, 2.1138e-03,
         9.1652e-04],
        [3.2811e-04, 6.2541e-04, 1.5286e-03, 2.3262e-03, 9.8627e-01, 3.6013e-03,
         5.3248e-03],
        [2.3900e-04, 1.9850e-03, 1.2640e-04, 8.5031e-04, 1.6622e-02, 9.7970e-01,
         4.8065e-04],
        [1.6522e-03, 9.9103e-01, 4.7579e-03, 2.7176e-04, 3.3553e-04, 8.9162e-04,
         1.0619e-03]], device='cuda:0')
**bs에 맞지않음!!!!!**


line 303 => train data수 3852
line 258 => 인스턴스 수 551
=======test_loader=======
=======dev_loader=======
=======train_labeled_loader=======
=======finish=======
>>Epoch 9 Step 1345 acc_test 0.321721 f1_test 0.225917 acc_val 0.179153 f1_val 0.178584 acc_train 0.980010 f1_train 0.980619 psl_cor 1151 psl_totl 3781 pslt_global 0.700000  Tim 0:11:16
acc_train_cw(현재 train의 class별 acc) [0.995, 0.978, 0.98, 0.981, 0.946, 0.991, 0.985]
cw_psl_total_eval(이전 pseudo label 클래스별 총 샘플 수):  [737, 686, 734, 101, 550, 845, 128]
cw_psl_correct_eval(이전 pseudo label 클래스별 맞은 샘플 수):  [318, 209, 196, 24, 115, 216, 73]
psl_acc(이전 PSL 평가에서의 정확도):  0.304 
cw_psl_acc(이전 클래스별 PSL 평가에서의 정확도):  [0.43147897720336914, 0.3046647310256958, 0.2670299708843231, 0.23762376606464386, 0.20909090340137482, 0.2556213140487671, 0.5703125]
train batch instace수가 7안됨 pass
tensor([[1.8076e-04, 2.4536e-03, 3.3560e-04, 5.3077e-04, 8.0664e-03, 9.8610e-01,
         2.3362e-03],
        [7.7932e-04, 4.7387e-03, 3.9918e-02, 3.0912e-03, 9.3128e-01, 1.6373e-02,
         3.8206e-03],
        [9.3541e-01, 1.2809e-02, 4.3830e-02, 1.1995e-03, 4.1980e-03, 1.4126e-03,
         1.1453e-03],
        [7.7908e-04, 9.8585e-01, 3.0624e-03, 1.6176e-03, 1.5390e-03, 2.7374e-03,
         4.4196e-03],
        [7.8436e-04, 4.2885e-03, 7.1458e-03, 3.7558e-04, 9.6899e-01, 5.6353e-03,
         1.2782e-02],
        [2.4505e-04, 1.6781e-03, 9.5382e-04, 1.1446e-03, 2.1070e-02, 9.7344e-01,
         1.4727e-03],
        [1.1185e-03, 9.7180e-01, 4.2942e-03, 2.8879e-03, 2.4691e-03, 4.1176e-03,
         1.3313e-02]], device='cuda:0')
**bs에 맞지않음!!!!!**


line 303 => train data수 3876
line 258 => 인스턴스 수 554
=======test_loader=======
=======dev_loader=======
=======train_labeled_loader=======
=======finish=======
>>Epoch 10 Step 1896 acc_test 0.338115 f1_test 0.254933 acc_val 0.195440 f1_val 0.196649 acc_train 0.975490 f1_train 0.976531 psl_cor 1108 psl_totl 3671 pslt_global 0.700000  Tim 0:14:20
acc_train_cw(현재 train의 class별 acc) [0.968, 0.973, 0.99, 0.963, 0.989, 0.961, 0.977]
cw_psl_total_eval(이전 pseudo label 클래스별 총 샘플 수):  [662, 680, 735, 106, 619, 743, 126]
cw_psl_correct_eval(이전 pseudo label 클래스별 맞은 샘플 수):  [276, 216, 201, 26, 129, 188, 72]
psl_acc(이전 PSL 평가에서의 정확도):  0.302 
cw_psl_acc(이전 클래스별 PSL 평가에서의 정확도):  [0.41691842675209045, 0.3176470696926117, 0.27346938848495483, 0.24528302252292633, 0.2084006518125534, 0.2530282735824585, 0.5714285969734192]
train batch instace수가 7안됨 pass
tensor([[8.1506e-05, 2.7572e-03, 8.3707e-05, 2.9497e-04, 1.0302e-03, 9.9528e-01,
         4.7613e-04],
        [1.5125e-03, 1.0725e-02, 6.2314e-03, 5.5189e-03, 8.7782e-01, 9.2302e-02,
         5.8922e-03],
        [2.6544e-01, 6.3819e-03, 7.2264e-01, 1.1091e-03, 2.8372e-03, 4.6169e-04,
         1.1254e-03],
        [2.4394e-04, 9.9788e-01, 3.7233e-04, 3.3941e-04, 6.6440e-04, 4.1141e-04,
         9.1758e-05],
        [3.7678e-03, 1.6152e-03, 9.5397e-03, 1.3482e-03, 9.8165e-01, 4.5183e-04,
         1.6250e-03],
        [1.5761e-04, 2.6824e-03, 1.5830e-04, 2.6822e-04, 5.1689e-04, 9.9597e-01,
         2.4730e-04],
        [3.5009e-04, 9.9687e-01, 5.5011e-04, 8.0217e-04, 6.1447e-04, 3.9493e-04,
         4.1831e-04]], device='cuda:0')
**bs에 맞지않음!!!!!**


line 303 => train data수 3900
line 258 => 인스턴스 수 558
=======test_loader=======
=======dev_loader=======
=======train_labeled_loader=======
=======finish=======
>>Epoch 11 Step 2450 acc_test 0.301230 f1_test 0.221214 acc_val 0.195440 f1_val 0.205948 acc_train 0.972821 f1_train 0.972172 psl_cor 1167 psl_totl 3794 pslt_global 0.700000  Tim 0:17:26
acc_train_cw(현재 train의 class별 acc) [0.971, 0.97, 0.986, 0.913, 0.946, 0.984, 1.0]
cw_psl_total_eval(이전 pseudo label 클래스별 총 샘플 수):  [625, 777, 873, 97, 513, 767, 142]
cw_psl_correct_eval(이전 pseudo label 클래스별 맞은 샘플 수):  [288, 229, 239, 25, 105, 197, 84]
psl_acc(이전 PSL 평가에서의 정확도):  0.308 
cw_psl_acc(이전 클래스별 PSL 평가에서의 정확도):  [0.4607999920845032, 0.2947233021259308, 0.2737686038017273, 0.25773194432258606, 0.20467835664749146, 0.2568448483943939, 0.591549277305603]
train batch instace수가 7안됨 pass
tensor([[0.2807, 0.2430, 0.1558, 0.0289, 0.0591, 0.2011, 0.0314],
        [0.2372, 0.2286, 0.1715, 0.0299, 0.0732, 0.2239, 0.0355],
        [0.2446, 0.2679, 0.1666, 0.0268, 0.0603, 0.1970, 0.0367],
        [0.2195, 0.2522, 0.1696, 0.0282, 0.0684, 0.2367, 0.0254],
        [0.3308, 0.2399, 0.1737, 0.0198, 0.0402, 0.1752, 0.0203],
        [0.2512, 0.2648, 0.1732, 0.0386, 0.0654, 0.1739, 0.0329],
        [0.2652, 0.2467, 0.1653, 0.0217, 0.0519, 0.2213, 0.0279]],
       device='cuda:0')

line 303 => train data수 3900
line 258 => 인스턴스 수 558
=======test_loader=======
=======dev_loader=======
=======train_labeled_loader=======
=======finish=======
>>Epoch 12 Step 3008 acc_test 0.077869 f1_test 0.020641 acc_val 0.091205 f1_val 0.023881 acc_train 0.167949 f1_train 0.043657 psl_cor 0 psl_totl 3 pslt_global 0.700000  Tim 0:20:31
acc_train_cw(현재 train의 class별 acc) [1.0, 0.01, 0.0, 0.0, 0.0, 0.0, 0.0]
cw_psl_total_eval(이전 pseudo label 클래스별 총 샘플 수):  [0, 3, 0, 0, 0, 0, 0]
cw_psl_correct_eval(이전 pseudo label 클래스별 맞은 샘플 수):  [0, 0, 0, 0, 0, 0, 0]
psl_acc(이전 PSL 평가에서의 정확도):  0.0 
cw_psl_acc(이전 클래스별 PSL 평가에서의 정확도):  [nan, 0.0, nan, nan, nan, nan, nan]
train batch instace수가 7안됨 pass
tensor([[0.1676, 0.2402, 0.1844, 0.0236, 0.1243, 0.2143, 0.0457],
        [0.2122, 0.2077, 0.1685, 0.0223, 0.1065, 0.2230, 0.0598],
        [0.2404, 0.2325, 0.1775, 0.0173, 0.1042, 0.1781, 0.0500],
        [0.2073, 0.2230, 0.1895, 0.0175, 0.0927, 0.2171, 0.0528],
        [0.1980, 0.2253, 0.1892, 0.0266, 0.1096, 0.1928, 0.0584],
        [0.2005, 0.2176, 0.1586, 0.0227, 0.1137, 0.2264, 0.0605],
        [0.2046, 0.2311, 0.1871, 0.0176, 0.1065, 0.1997, 0.0533]],
       device='cuda:0')

line 303 => train data수 3900
line 258 => 인스턴스 수 558
=======test_loader=======
=======dev_loader=======
=======train_labeled_loader=======
=======finish=======
>>Epoch 13 Step 3566 acc_test 0.278689 f1_test 0.062271 acc_val 0.006515 f1_val 0.001849 acc_train 0.197949 f1_train 0.047211 psl_cor 0 psl_totl 8 pslt_global 0.700000  Tim 0:23:37
acc_train_cw(현재 train의 class별 acc) [0.0, 1.0, 0.0, 0.0, 0.0, 0.0, 0.0]
cw_psl_total_eval(이전 pseudo label 클래스별 총 샘플 수):  [0, 8, 0, 0, 0, 0, 0]
cw_psl_correct_eval(이전 pseudo label 클래스별 맞은 샘플 수):  [0, 0, 0, 0, 0, 0, 0]
psl_acc(이전 PSL 평가에서의 정확도):  0.0 
cw_psl_acc(이전 클래스별 PSL 평가에서의 정확도):  [nan, 0.0, nan, nan, nan, nan, nan]
train batch instace수가 7안됨 pass
tensor([[0.1445, 0.1791, 0.2667, 0.0165, 0.1060, 0.2666, 0.0206],
        [0.1402, 0.1887, 0.2621, 0.0190, 0.1154, 0.2420, 0.0326],
        [0.1350, 0.1873, 0.2874, 0.0197, 0.1102, 0.2344, 0.0261],
        [0.1353, 0.2024, 0.2623, 0.0202, 0.1139, 0.2377, 0.0283],
        [0.1377, 0.1889, 0.2775, 0.0218, 0.1252, 0.2217, 0.0272],
        [0.1412, 0.1934, 0.2550, 0.0225, 0.1209, 0.2366, 0.0305],
        [0.1430, 0.1949, 0.2608, 0.0204, 0.1266, 0.2241, 0.0302]],
       device='cuda:0')

line 303 => train data수 3900
line 258 => 인스턴스 수 558
=======test_loader=======
=======dev_loader=======
=======train_labeled_loader=======
=======finish=======
>>Epoch 14 Step 4124 acc_test 0.122951 f1_test 0.031283 acc_val 0.228013 f1_val 0.053050 acc_train 0.228974 f1_train 0.055537 psl_cor 0 psl_totl 7 pslt_global 0.700000  Tim 0:26:41
acc_train_cw(현재 train의 class별 acc) [0.0, 0.009, 1.0, 0.0, 0.0, 0.0, 0.0]
cw_psl_total_eval(이전 pseudo label 클래스별 총 샘플 수):  [0, 7, 0, 0, 0, 0, 0]
cw_psl_correct_eval(이전 pseudo label 클래스별 맞은 샘플 수):  [0, 0, 0, 0, 0, 0, 0]
psl_acc(이전 PSL 평가에서의 정확도):  0.0 
cw_psl_acc(이전 클래스별 PSL 평가에서의 정확도):  [nan, 0.0, nan, nan, nan, nan, nan]
train batch instace수가 7안됨 pass
tensor([[0.1770, 0.1816, 0.2218, 0.0246, 0.1531, 0.2161, 0.0257],
        [0.1666, 0.1873, 0.2015, 0.0277, 0.1652, 0.2228, 0.0289],
        [0.1740, 0.1813, 0.2035, 0.0237, 0.1650, 0.2256, 0.0269],
        [0.1592, 0.1922, 0.2074, 0.0256, 0.1632, 0.2265, 0.0260],
        [0.1734, 0.1857, 0.1972, 0.0255, 0.1531, 0.2392, 0.0259],
        [0.1658, 0.1781, 0.2006, 0.0302, 0.1556, 0.2346, 0.0351],
        [0.1643, 0.1771, 0.1938, 0.0430, 0.1657, 0.2173, 0.0389]],
       device='cuda:0')

line 303 => train data수 3900
line 258 => 인스턴스 수 558
=======test_loader=======
=======dev_loader=======
=======train_labeled_loader=======
=======finish=======
>>Epoch 15 Step 4682 acc_test 0.297131 f1_test 0.065448 acc_val 0.026059 f1_val 0.007256 acc_train 0.205128 f1_train 0.050918 psl_cor 0 psl_totl 7 pslt_global 0.700000  Tim 0:29:47
acc_train_cw(현재 train의 class별 acc) [0.0, 0.009, 0.0, 0.0, 0.0, 1.0, 0.0]
cw_psl_total_eval(이전 pseudo label 클래스별 총 샘플 수):  [0, 7, 0, 0, 0, 0, 0]
cw_psl_correct_eval(이전 pseudo label 클래스별 맞은 샘플 수):  [0, 0, 0, 0, 0, 0, 0]
psl_acc(이전 PSL 평가에서의 정확도):  0.0 
cw_psl_acc(이전 클래스별 PSL 평가에서의 정확도):  [nan, 0.0, nan, nan, nan, nan, nan]
train batch instace수가 7안됨 pass
tensor([[0.1449, 0.2030, 0.2409, 0.0327, 0.1521, 0.1820, 0.0443],
        [0.1384, 0.2032, 0.2299, 0.0316, 0.1540, 0.2012, 0.0417],
        [0.1369, 0.2100, 0.2238, 0.0316, 0.1573, 0.1931, 0.0473],
        [0.1330, 0.2139, 0.2339, 0.0307, 0.1527, 0.1942, 0.0416],
        [0.1326, 0.2068, 0.2405, 0.0315, 0.1480, 0.1994, 0.0413],
        [0.1379, 0.2018, 0.2402, 0.0322, 0.1468, 0.1979, 0.0431],
        [0.1356, 0.2096, 0.2286, 0.0307, 0.1516, 0.1924, 0.0515]],
       device='cuda:0')

line 303 => train data수 3900
line 258 => 인스턴스 수 558
=======test_loader=======
=======dev_loader=======
=======train_labeled_loader=======
=======finish=======
>>Epoch 16 Step 5240 acc_test 0.122951 f1_test 0.031283 acc_val 0.228013 f1_val 0.053050 acc_train 0.228974 f1_train 0.055537 psl_cor 0 psl_totl 7 pslt_global 0.700000  Tim 0:32:53
acc_train_cw(현재 train의 class별 acc) [0.0, 0.009, 1.0, 0.0, 0.0, 0.0, 0.0]
cw_psl_total_eval(이전 pseudo label 클래스별 총 샘플 수):  [0, 7, 0, 0, 0, 0, 0]
cw_psl_correct_eval(이전 pseudo label 클래스별 맞은 샘플 수):  [0, 0, 0, 0, 0, 0, 0]
psl_acc(이전 PSL 평가에서의 정확도):  0.0 
cw_psl_acc(이전 클래스별 PSL 평가에서의 정확도):  [nan, 0.0, nan, nan, nan, nan, nan]
train batch instace수가 7안됨 pass
tensor([[0.1664, 0.2032, 0.2136, 0.0242, 0.1556, 0.2104, 0.0266],
        [0.1701, 0.2072, 0.2179, 0.0249, 0.1422, 0.2092, 0.0285],
        [0.1774, 0.2119, 0.2235, 0.0258, 0.1358, 0.1952, 0.0304],
        [0.1667, 0.2046, 0.2132, 0.0269, 0.1351, 0.2235, 0.0298],
        [0.1656, 0.1946, 0.1999, 0.0360, 0.1424, 0.2260, 0.0356],
        [0.1657, 0.2068, 0.2097, 0.0239, 0.1524, 0.2144, 0.0270],
        [0.1725, 0.1984, 0.2071, 0.0304, 0.1598, 0.2010, 0.0308]],
       device='cuda:0')

line 303 => train data수 3900
line 258 => 인스턴스 수 558
=======test_loader=======
=======dev_loader=======
=======train_labeled_loader=======
=======finish=======
>>Epoch 17 Step 5798 acc_test 0.297131 f1_test 0.065448 acc_val 0.026059 f1_val 0.007256 acc_train 0.204872 f1_train 0.050544 psl_cor 0 psl_totl 6 pslt_global 0.700000  Tim 0:35:58
acc_train_cw(현재 train의 class별 acc) [0.0, 0.008, 0.0, 0.0, 0.0, 1.0, 0.0]
cw_psl_total_eval(이전 pseudo label 클래스별 총 샘플 수):  [0, 6, 0, 0, 0, 0, 0]
cw_psl_correct_eval(이전 pseudo label 클래스별 맞은 샘플 수):  [0, 0, 0, 0, 0, 0, 0]
psl_acc(이전 PSL 평가에서의 정확도):  0.0 
cw_psl_acc(이전 클래스별 PSL 평가에서의 정확도):  [nan, 0.0, nan, nan, nan, nan, nan]
train batch instace수가 7안됨 pass
tensor([[0.1553, 0.1796, 0.2478, 0.0266, 0.1700, 0.1793, 0.0414],
        [0.1465, 0.1747, 0.2548, 0.0234, 0.1677, 0.1896, 0.0435],
        [0.1532, 0.1815, 0.2243, 0.0246, 0.1695, 0.2039, 0.0430],
        [0.1577, 0.1684, 0.2471, 0.0269, 0.1728, 0.1854, 0.0417],
        [0.1567, 0.1741, 0.2486, 0.0239, 0.1704, 0.1877, 0.0387],
        [0.1467, 0.1820, 0.2309, 0.0250, 0.1832, 0.1933, 0.0389],
        [0.1496, 0.1739, 0.2530, 0.0217, 0.1723, 0.1903, 0.0392]],
       device='cuda:0')

line 303 => train data수 3900
line 258 => 인스턴스 수 558
=======test_loader=======
=======dev_loader=======
=======train_labeled_loader=======
=======finish=======
>>Epoch 18 Step 6356 acc_test 0.122951 f1_test 0.031283 acc_val 0.228013 f1_val 0.053050 acc_train 0.227436 f1_train 0.053273 psl_cor 0 psl_totl 1 pslt_global 0.700000  Tim 0:39:03
acc_train_cw(현재 train의 class별 acc) [0.0, 0.001, 1.0, 0.0, 0.0, 0.0, 0.0]
cw_psl_total_eval(이전 pseudo label 클래스별 총 샘플 수):  [0, 1, 0, 0, 0, 0, 0]
cw_psl_correct_eval(이전 pseudo label 클래스별 맞은 샘플 수):  [0, 0, 0, 0, 0, 0, 0]
psl_acc(이전 PSL 평가에서의 정확도):  0.0 
cw_psl_acc(이전 클래스별 PSL 평가에서의 정확도):  [nan, 0.0, nan, nan, nan, nan, nan]
train batch instace수가 7안됨 pass
tensor([[0.1661, 0.1815, 0.2653, 0.0222, 0.1201, 0.2106, 0.0342],
        [0.1666, 0.1866, 0.2823, 0.0228, 0.1048, 0.2039, 0.0329],
        [0.1552, 0.2056, 0.2700, 0.0220, 0.1202, 0.1911, 0.0359],
        [0.1674, 0.1891, 0.2802, 0.0198, 0.1062, 0.2055, 0.0318],
        [0.1625, 0.1766, 0.2670, 0.0256, 0.1148, 0.2173, 0.0362],
        [0.1546, 0.2174, 0.2463, 0.0224, 0.1168, 0.2044, 0.0380],
        [0.1633, 0.1852, 0.2708, 0.0217, 0.1135, 0.2114, 0.0340]],
       device='cuda:0')

line 303 => train data수 3900
line 258 => 인스턴스 수 558
=======test_loader=======
=======dev_loader=======
=======train_labeled_loader=======
=======finish=======
>>Epoch 19 Step 6914 acc_test 0.122951 f1_test 0.031283 acc_val 0.228013 f1_val 0.053050 acc_train 0.228718 f1_train 0.055162 psl_cor 0 psl_totl 5 pslt_global 0.700000  Tim 0:42:04
acc_train_cw(현재 train의 class별 acc) [0.0, 0.008, 1.0, 0.0, 0.0, 0.0, 0.0]
cw_psl_total_eval(이전 pseudo label 클래스별 총 샘플 수):  [0, 5, 0, 0, 0, 0, 0]
cw_psl_correct_eval(이전 pseudo label 클래스별 맞은 샘플 수):  [0, 0, 0, 0, 0, 0, 0]
psl_acc(이전 PSL 평가에서의 정확도):  0.0 
cw_psl_acc(이전 클래스별 PSL 평가에서의 정확도):  [nan, 0.0, nan, nan, nan, nan, nan]
train batch instace수가 7안됨 pass
tensor([[0.1601, 0.1724, 0.2523, 0.0242, 0.1405, 0.2091, 0.0413],
        [0.1655, 0.1750, 0.2463, 0.0234, 0.1428, 0.2058, 0.0412],
        [0.1646, 0.1718, 0.2305, 0.0346, 0.1457, 0.1997, 0.0531],
        [0.1618, 0.1784, 0.2444, 0.0232, 0.1516, 0.1990, 0.0415],
        [0.1666, 0.1743, 0.1978, 0.0378, 0.1675, 0.1970, 0.0589],
        [0.1743, 0.1775, 0.2332, 0.0252, 0.1466, 0.1986, 0.0447],
        [0.1803, 0.1822, 0.2066, 0.0329, 0.1385, 0.2114, 0.0482]],
       device='cuda:0')

line 303 => train data수 3900
line 258 => 인스턴스 수 558
=======test_loader=======
=======dev_loader=======
=======train_labeled_loader=======
=======finish=======
>>Epoch 20 Step 7472 acc_test 0.122951 f1_test 0.031283 acc_val 0.228013 f1_val 0.053050 acc_train 0.228718 f1_train 0.055162 psl_cor 0 psl_totl 6 pslt_global 0.700000  Tim 0:45:09
acc_train_cw(현재 train의 class별 acc) [0.0, 0.008, 1.0, 0.0, 0.0, 0.0, 0.0]
cw_psl_total_eval(이전 pseudo label 클래스별 총 샘플 수):  [0, 6, 0, 0, 0, 0, 0]
cw_psl_correct_eval(이전 pseudo label 클래스별 맞은 샘플 수):  [0, 0, 0, 0, 0, 0, 0]
psl_acc(이전 PSL 평가에서의 정확도):  0.0 
cw_psl_acc(이전 클래스별 PSL 평가에서의 정확도):  [nan, 0.0, nan, nan, nan, nan, nan]
train batch instace수가 7안됨 pass
tensor([[0.1871, 0.1768, 0.2109, 0.0289, 0.1408, 0.2231, 0.0323],
        [0.1835, 0.1834, 0.1889, 0.0254, 0.1387, 0.2489, 0.0313],
        [0.1973, 0.1741, 0.2104, 0.0269, 0.1329, 0.2208, 0.0376],
        [0.1889, 0.1768, 0.1619, 0.0135, 0.1461, 0.2880, 0.0249],
        [0.1949, 0.1712, 0.2164, 0.0291, 0.1455, 0.2090, 0.0339],
        [0.1886, 0.1796, 0.2068, 0.0296, 0.1431, 0.2153, 0.0369],
        [0.1808, 0.1777, 0.1771, 0.0031, 0.1654, 0.2770, 0.0188]],
       device='cuda:0')

line 303 => train data수 3900
line 258 => 인스턴스 수 558
=======test_loader=======
=======dev_loader=======
=======train_labeled_loader=======
=======finish=======
>>Epoch 21 Step 8030 acc_test 0.297131 f1_test 0.065448 acc_val 0.026059 f1_val 0.007256 acc_train 0.204872 f1_train 0.050544 psl_cor 0 psl_totl 6 pslt_global 0.700000  Tim 0:48:14
acc_train_cw(현재 train의 class별 acc) [0.0, 0.008, 0.0, 0.0, 0.0, 1.0, 0.0]
cw_psl_total_eval(이전 pseudo label 클래스별 총 샘플 수):  [0, 6, 0, 0, 0, 0, 0]
cw_psl_correct_eval(이전 pseudo label 클래스별 맞은 샘플 수):  [0, 0, 0, 0, 0, 0, 0]
psl_acc(이전 PSL 평가에서의 정확도):  0.0 
cw_psl_acc(이전 클래스별 PSL 평가에서의 정확도):  [nan, 0.0, nan, nan, nan, nan, nan]
train batch instace수가 7안됨 pass
tensor([[0.1723, 0.1613, 0.2542, 0.0280, 0.1156, 0.2310, 0.0375],
        [0.1671, 0.1617, 0.2418, 0.0290, 0.1258, 0.2405, 0.0340],
        [0.1651, 0.1676, 0.2555, 0.0319, 0.1281, 0.2143, 0.0375],
        [0.1628, 0.1779, 0.2311, 0.0326, 0.1313, 0.2244, 0.0400],
        [0.1668, 0.1698, 0.2480, 0.0317, 0.1227, 0.2254, 0.0355],
        [0.1664, 0.1647, 0.2535, 0.0358, 0.1292, 0.2093, 0.0411],
        [0.1638, 0.1611, 0.2515, 0.0258, 0.1277, 0.2416, 0.0284]],
       device='cuda:0')

line 303 => train data수 3900
line 258 => 인스턴스 수 558
=======test_loader=======
=======dev_loader=======
=======train_labeled_loader=======
=======finish=======
>>Epoch 22 Step 8588 acc_test 0.122951 f1_test 0.031283 acc_val 0.228013 f1_val 0.053050 acc_train 0.228718 f1_train 0.055162 psl_cor 0 psl_totl 6 pslt_global 0.700000  Tim 0:51:20
acc_train_cw(현재 train의 class별 acc) [0.0, 0.008, 1.0, 0.0, 0.0, 0.0, 0.0]
cw_psl_total_eval(이전 pseudo label 클래스별 총 샘플 수):  [0, 6, 0, 0, 0, 0, 0]
cw_psl_correct_eval(이전 pseudo label 클래스별 맞은 샘플 수):  [0, 0, 0, 0, 0, 0, 0]
psl_acc(이전 PSL 평가에서의 정확도):  0.0 
cw_psl_acc(이전 클래스별 PSL 평가에서의 정확도):  [nan, 0.0, nan, nan, nan, nan, nan]
train batch instace수가 7안됨 pass
tensor([[0.1708, 0.1873, 0.2288, 0.0355, 0.1369, 0.2058, 0.0349],
        [0.1852, 0.1890, 0.2218, 0.0295, 0.1310, 0.2114, 0.0321],
        [0.1794, 0.1967, 0.2215, 0.0290, 0.1327, 0.2104, 0.0302],
        [0.1852, 0.2148, 0.2338, 0.0282, 0.1191, 0.1736, 0.0454],
        [0.1831, 0.1768, 0.2105, 0.0455, 0.1421, 0.1990, 0.0431],
        [0.1809, 0.1877, 0.2255, 0.0330, 0.1411, 0.1899, 0.0419],
        [0.1808, 0.1899, 0.2349, 0.0271, 0.1333, 0.2034, 0.0306]],
       device='cuda:0')

line 303 => train data수 3900
line 258 => 인스턴스 수 558
=======test_loader=======
=======dev_loader=======
=======train_labeled_loader=======
=======finish=======
>>Epoch 23 Step 9146 acc_test 0.122951 f1_test 0.031283 acc_val 0.228013 f1_val 0.053050 acc_train 0.228718 f1_train 0.055162 psl_cor 0 psl_totl 6 pslt_global 0.700000  Tim 0:54:26
acc_train_cw(현재 train의 class별 acc) [0.0, 0.008, 1.0, 0.0, 0.0, 0.0, 0.0]
cw_psl_total_eval(이전 pseudo label 클래스별 총 샘플 수):  [0, 6, 0, 0, 0, 0, 0]
cw_psl_correct_eval(이전 pseudo label 클래스별 맞은 샘플 수):  [0, 0, 0, 0, 0, 0, 0]
psl_acc(이전 PSL 평가에서의 정확도):  0.0 
cw_psl_acc(이전 클래스별 PSL 평가에서의 정확도):  [nan, 0.0, nan, nan, nan, nan, nan]
train batch instace수가 7안됨 pass
tensor([[0.1603, 0.1895, 0.2228, 0.0194, 0.1442, 0.2257, 0.0381],
        [0.1911, 0.2062, 0.1940, 0.0207, 0.1226, 0.2064, 0.0591],
        [0.1630, 0.1950, 0.2150, 0.0226, 0.1364, 0.2217, 0.0463],
        [0.1789, 0.2002, 0.2186, 0.0195, 0.1243, 0.2012, 0.0573],
        [0.1830, 0.2135, 0.2054, 0.0198, 0.1211, 0.2059, 0.0512],
        [0.1846, 0.2118, 0.2018, 0.0180, 0.1150, 0.2169, 0.0520],
        [0.1715, 0.1948, 0.2036, 0.0245, 0.1455, 0.2107, 0.0495]],
       device='cuda:0')

line 303 => train data수 3900
line 258 => 인스턴스 수 558
=======test_loader=======
=======dev_loader=======
=======train_labeled_loader=======
=======finish=======
>>Epoch 24 Step 9704 acc_test 0.297131 f1_test 0.065448 acc_val 0.026059 f1_val 0.007256 acc_train 0.203590 f1_train 0.050222 psl_cor 0 psl_totl 1 pslt_global 0.700000  Tim 0:57:30
acc_train_cw(현재 train의 class별 acc) [0.0, 0.0, 0.0, 0.0, 0.0, 1.0, 0.007]
cw_psl_total_eval(이전 pseudo label 클래스별 총 샘플 수):  [0, 0, 0, 0, 0, 0, 1]
cw_psl_correct_eval(이전 pseudo label 클래스별 맞은 샘플 수):  [0, 0, 0, 0, 0, 0, 0]
psl_acc(이전 PSL 평가에서의 정확도):  0.0 
cw_psl_acc(이전 클래스별 PSL 평가에서의 정확도):  [nan, nan, nan, nan, nan, nan, 0.0]
train batch instace수가 7안됨 pass
tensor([[0.1709, 0.1743, 0.2122, 0.0342, 0.1519, 0.2076, 0.0489],
        [0.1941, 0.1670, 0.1929, 0.0326, 0.1606, 0.2018, 0.0510],
        [0.1699, 0.1796, 0.2171, 0.0356, 0.1525, 0.1987, 0.0465],
        [0.1642, 0.1851, 0.1995, 0.0358, 0.1583, 0.2081, 0.0490],
        [0.1681, 0.1734, 0.2008, 0.0407, 0.1584, 0.2006, 0.0580],
        [0.1746, 0.1884, 0.1931, 0.0343, 0.1492, 0.2096, 0.0508],
        [0.1717, 0.1755, 0.2034, 0.0345, 0.1517, 0.2156, 0.0476]],
       device='cuda:0')

line 303 => train data수 3900
line 258 => 인스턴스 수 558
=======test_loader=======
=======dev_loader=======
=======train_labeled_loader=======
=======finish=======
>>Epoch 25 Step 10262 acc_test 0.122951 f1_test 0.031283 acc_val 0.228013 f1_val 0.053050 acc_train 0.227436 f1_train 0.053274 psl_cor 1 psl_totl 1 pslt_global 0.700000  Tim 1:00:35
acc_train_cw(현재 train의 class별 acc) [0.0, 0.001, 1.0, 0.0, 0.0, 0.0, 0.0]
cw_psl_total_eval(이전 pseudo label 클래스별 총 샘플 수):  [0, 1, 0, 0, 0, 0, 0]
cw_psl_correct_eval(이전 pseudo label 클래스별 맞은 샘플 수):  [0, 1, 0, 0, 0, 0, 0]
psl_acc(이전 PSL 평가에서의 정확도):  1.0 
cw_psl_acc(이전 클래스별 PSL 평가에서의 정확도):  [nan, 1.0, nan, nan, nan, nan, nan]
train batch instace수가 7안됨 pass
tensor([[0.1880, 0.2128, 0.1899, 0.0268, 0.1271, 0.2138, 0.0416],
        [0.1983, 0.2089, 0.1822, 0.0260, 0.1273, 0.2170, 0.0403],
        [0.1872, 0.2157, 0.1888, 0.0253, 0.1321, 0.2081, 0.0429],
        [0.1895, 0.2160, 0.1791, 0.0269, 0.1267, 0.2159, 0.0460],
        [0.1907, 0.2081, 0.1828, 0.0276, 0.1304, 0.2117, 0.0487],
        [0.1901, 0.2076, 0.1824, 0.0267, 0.1302, 0.2168, 0.0463],
        [0.1934, 0.2102, 0.1896, 0.0239, 0.1228, 0.2190, 0.0411]],
       device='cuda:0')

line 303 => train data수 3900
line 258 => 인스턴스 수 558
=======test_loader=======
=======dev_loader=======
=======train_labeled_loader=======
=======finish=======
>>Epoch 26 Step 10820 acc_test 0.297131 f1_test 0.065448 acc_val 0.026059 f1_val 0.007256 acc_train 0.203846 f1_train 0.049038 psl_cor 1 psl_totl 1 pslt_global 0.700000  Tim 1:03:40
acc_train_cw(현재 train의 class별 acc) [0.0, 0.003, 0.0, 0.0, 0.0, 1.0, 0.0]
cw_psl_total_eval(이전 pseudo label 클래스별 총 샘플 수):  [0, 1, 0, 0, 0, 0, 0]
cw_psl_correct_eval(이전 pseudo label 클래스별 맞은 샘플 수):  [0, 1, 0, 0, 0, 0, 0]
psl_acc(이전 PSL 평가에서의 정확도):  1.0 
cw_psl_acc(이전 클래스별 PSL 평가에서의 정확도):  [nan, 1.0, nan, nan, nan, nan, nan]
train batch instace수가 7안됨 pass
tensor([[0.1917, 0.1869, 0.2109, 0.0379, 0.1473, 0.1801, 0.0451],
        [0.1743, 0.1853, 0.1999, 0.0391, 0.1522, 0.2042, 0.0450],
        [0.1733, 0.1822, 0.1960, 0.0433, 0.1559, 0.1979, 0.0515],
        [0.1872, 0.1825, 0.2073, 0.0310, 0.1501, 0.2012, 0.0408],
        [0.1749, 0.1948, 0.2029, 0.0361, 0.1444, 0.2012, 0.0457],
        [0.1832, 0.1707, 0.1885, 0.0418, 0.1476, 0.2051, 0.0632],
        [0.1784, 0.1799, 0.1997, 0.0501, 0.1540, 0.1814, 0.0566]],
       device='cuda:0')

line 303 => train data수 3900
line 258 => 인스턴스 수 558
=======test_loader=======
=======dev_loader=======
=======train_labeled_loader=======
=======finish=======
>>Epoch 27 Step 11378 acc_test 0.122951 f1_test 0.031283 acc_val 0.228013 f1_val 0.053050 acc_train 0.227692 f1_train 0.053654 psl_cor 1 psl_totl 1 pslt_global 0.700000  Tim 1:06:45
acc_train_cw(현재 train의 class별 acc) [0.0, 0.003, 1.0, 0.0, 0.0, 0.0, 0.0]
cw_psl_total_eval(이전 pseudo label 클래스별 총 샘플 수):  [0, 1, 0, 0, 0, 0, 0]
cw_psl_correct_eval(이전 pseudo label 클래스별 맞은 샘플 수):  [0, 1, 0, 0, 0, 0, 0]
psl_acc(이전 PSL 평가에서의 정확도):  1.0 
cw_psl_acc(이전 클래스별 PSL 평가에서의 정확도):  [nan, 1.0, nan, nan, nan, nan, nan]
train batch instace수가 7안됨 pass
tensor([[0.1576, 0.1633, 0.2125, 0.0356, 0.1626, 0.2237, 0.0447],
        [0.1639, 0.1681, 0.2142, 0.0288, 0.1533, 0.2297, 0.0419],
        [0.1634, 0.1675, 0.2247, 0.0210, 0.1576, 0.2331, 0.0328],
        [0.1633, 0.1726, 0.2149, 0.0276, 0.1571, 0.2233, 0.0411],
        [0.1638, 0.1619, 0.2277, 0.0255, 0.1573, 0.2243, 0.0395],
        [0.1652, 0.1688, 0.2212, 0.0262, 0.1547, 0.2217, 0.0423],
        [0.1638, 0.1719, 0.2125, 0.0279, 0.1629, 0.2204, 0.0406]],
       device='cuda:0')

line 303 => train data수 3900
line 258 => 인스턴스 수 558
=======test_loader=======
=======dev_loader=======
=======train_labeled_loader=======
=======finish=======
>>Epoch 28 Step 11936 acc_test 0.297131 f1_test 0.065448 acc_val 0.026059 f1_val 0.007256 acc_train 0.203846 f1_train 0.049038 psl_cor 1 psl_totl 1 pslt_global 0.700000  Tim 1:09:49
acc_train_cw(현재 train의 class별 acc) [0.0, 0.003, 0.0, 0.0, 0.0, 1.0, 0.0]
cw_psl_total_eval(이전 pseudo label 클래스별 총 샘플 수):  [0, 1, 0, 0, 0, 0, 0]
cw_psl_correct_eval(이전 pseudo label 클래스별 맞은 샘플 수):  [0, 1, 0, 0, 0, 0, 0]
psl_acc(이전 PSL 평가에서의 정확도):  1.0 
cw_psl_acc(이전 클래스별 PSL 평가에서의 정확도):  [nan, 1.0, nan, nan, nan, nan, nan]
train batch instace수가 7안됨 pass
tensor([[0.1539, 0.1837, 0.2857, 0.0248, 0.1352, 0.1807, 0.0360],
        [0.1585, 0.1858, 0.2813, 0.0240, 0.1357, 0.1805, 0.0342],
        [0.1653, 0.1752, 0.2847, 0.0260, 0.1400, 0.1732, 0.0355],
        [0.1613, 0.1800, 0.2916, 0.0245, 0.1319, 0.1754, 0.0353],
        [0.1668, 0.1837, 0.2842, 0.0230, 0.1335, 0.1771, 0.0317],
        [0.1599, 0.1789, 0.2893, 0.0256, 0.1352, 0.1775, 0.0336],
        [0.1594, 0.1841, 0.2675, 0.0267, 0.1357, 0.1900, 0.0366]],
       device='cuda:0')

line 303 => train data수 3900
line 258 => 인스턴스 수 558
=======test_loader=======
=======dev_loader=======
=======train_labeled_loader=======
=======finish=======
>>Epoch 29 Step 12494 acc_test 0.122951 f1_test 0.031340 acc_val 0.228013 f1_val 0.053050 acc_train 0.229744 f1_train 0.056661 psl_cor 4 psl_totl 10 pslt_global 0.700000  Tim 1:12:50
acc_train_cw(현재 train의 class별 acc) [0.0, 0.013, 1.0, 0.0, 0.0, 0.0, 0.0]
cw_psl_total_eval(이전 pseudo label 클래스별 총 샘플 수):  [0, 10, 0, 0, 0, 0, 0]
cw_psl_correct_eval(이전 pseudo label 클래스별 맞은 샘플 수):  [0, 4, 0, 0, 0, 0, 0]
psl_acc(이전 PSL 평가에서의 정확도):  0.4 
cw_psl_acc(이전 클래스별 PSL 평가에서의 정확도):  [nan, 0.4000000059604645, nan, nan, nan, nan, nan]
train batch instace수가 7안됨 pass
tensor([[0.1503, 0.2269, 0.2250, 0.0309, 0.1274, 0.1963, 0.0432],
        [0.1518, 0.2148, 0.2318, 0.0320, 0.1275, 0.1993, 0.0429],
        [0.1557, 0.2239, 0.2255, 0.0282, 0.1305, 0.1971, 0.0392],
        [0.1517, 0.2305, 0.2201, 0.0267, 0.1296, 0.2029, 0.0385],
        [0.1604, 0.2159, 0.2163, 0.0304, 0.1316, 0.2015, 0.0439],
        [0.1153, 0.2488, 0.2057, 0.0246, 0.1130, 0.2568, 0.0358],
        [0.1400, 0.2138, 0.2269, 0.0279, 0.1289, 0.2165, 0.0459]],
       device='cuda:0')

line 303 => train data수 3900
line 258 => 인스턴스 수 558
=======test_loader=======
=======dev_loader=======
=======train_labeled_loader=======
=======finish=======
>>Epoch 30 Step 13052 acc_test 0.122951 f1_test 0.031340 acc_val 0.228013 f1_val 0.053050 acc_train 0.229744 f1_train 0.056661 psl_cor 5 psl_totl 12 pslt_global 0.700000  Tim 1:15:55
acc_train_cw(현재 train의 class별 acc) [0.0, 0.013, 1.0, 0.0, 0.0, 0.0, 0.0]
cw_psl_total_eval(이전 pseudo label 클래스별 총 샘플 수):  [0, 12, 0, 0, 0, 0, 0]
cw_psl_correct_eval(이전 pseudo label 클래스별 맞은 샘플 수):  [0, 5, 0, 0, 0, 0, 0]
psl_acc(이전 PSL 평가에서의 정확도):  0.417 
cw_psl_acc(이전 클래스별 PSL 평가에서의 정확도):  [nan, 0.4166666567325592, nan, nan, nan, nan, nan]
train batch instace수가 7안됨 pass
tensor([[0.1721, 0.1897, 0.2105, 0.0354, 0.1414, 0.1982, 0.0526],
        [0.1756, 0.1912, 0.2153, 0.0334, 0.1385, 0.1990, 0.0471],
        [0.1783, 0.1907, 0.2043, 0.0383, 0.1441, 0.1932, 0.0511],
        [0.1772, 0.1765, 0.1996, 0.0410, 0.1519, 0.1947, 0.0591],
        [0.1702, 0.1812, 0.2060, 0.0408, 0.1460, 0.1988, 0.0569],
        [0.1780, 0.1868, 0.2045, 0.0349, 0.1414, 0.2049, 0.0495],
        [0.1687, 0.1971, 0.1890, 0.0496, 0.1469, 0.1913, 0.0574]],
       device='cuda:0')

line 303 => train data수 3900
line 258 => 인스턴스 수 558
=======test_loader=======
=======dev_loader=======
=======train_labeled_loader=======
=======finish=======
>>Epoch 31 Step 13610 acc_test 0.122951 f1_test 0.031340 acc_val 0.228013 f1_val 0.053050 acc_train 0.229744 f1_train 0.056661 psl_cor 4 psl_totl 10 pslt_global 0.700000  Tim 1:19:01
acc_train_cw(현재 train의 class별 acc) [0.0, 0.013, 1.0, 0.0, 0.0, 0.0, 0.0]
cw_psl_total_eval(이전 pseudo label 클래스별 총 샘플 수):  [0, 10, 0, 0, 0, 0, 0]
cw_psl_correct_eval(이전 pseudo label 클래스별 맞은 샘플 수):  [0, 4, 0, 0, 0, 0, 0]
psl_acc(이전 PSL 평가에서의 정확도):  0.4 
cw_psl_acc(이전 클래스별 PSL 평가에서의 정확도):  [nan, 0.4000000059604645, nan, nan, nan, nan, nan]
train batch instace수가 7안됨 pass
tensor([[0.1623, 0.2090, 0.2229, 0.0227, 0.1410, 0.2035, 0.0386],
        [0.1629, 0.2091, 0.2337, 0.0203, 0.1367, 0.2066, 0.0309],
        [0.1674, 0.2111, 0.2266, 0.0198, 0.1351, 0.2084, 0.0316],
        [0.1676, 0.2045, 0.2191, 0.0232, 0.1314, 0.2178, 0.0364],
        [0.1681, 0.1674, 0.2239, 0.0094, 0.1465, 0.2689, 0.0158],
        [0.1609, 0.2197, 0.2284, 0.0211, 0.1343, 0.1999, 0.0357],
        [0.1741, 0.2099, 0.2376, 0.0185, 0.1358, 0.1929, 0.0311]],
       device='cuda:0')

line 303 => train data수 3900
line 258 => 인스턴스 수 558
=======test_loader=======
=======dev_loader=======
=======train_labeled_loader=======
=======finish=======
>>Epoch 32 Step 14168 acc_test 0.122951 f1_test 0.031340 acc_val 0.228013 f1_val 0.053050 acc_train 0.230769 f1_train 0.058143 psl_cor 5 psl_totl 14 pslt_global 0.700000  Tim 1:22:06
acc_train_cw(현재 train의 class별 acc) [0.0, 0.018, 1.0, 0.0, 0.0, 0.0, 0.0]
