current work directory:  /home/imsuhan22/few-shot-tc/JointMatch_SSL/codebert/code
python_extended_data
save_name: 10_codebert-base_0.0005_0.7_30_python_extended_data

data_path:  ../data/../data/problem_based_split/python_extended_data

There are 1 GPU(s) available.
We will use the GPU- 0 NVIDIA GeForce RTX 3090

**line 147 모델 =>  microsoft/codebert-base
**tokenizer type =  microsoft/codebert-base 

n_labeled_per_class:  10
train_df samples: 3974
train_labeled_df samples: 70
train_unlabeled_df samples: 3904
n_classes:  7 

net_arch:  microsoft/codebert-base lr:  0.0005

line 303 => train data수 70
line 258 => 인스턴스 수 10
=======test_loader=======
=======dev_loader=======
=======train_labeled_loader=======
=======finish=======
>>Epoch 1 Step 0 acc_test 0.297131 f1_test 0.065448 acc_val 0.026059 f1_val 0.007256 acc_train 0.142857 f1_train 0.035714 psl_cor 0 psl_totl 0 pslt_global 0.000000  Tim 0:00:17
acc_train_cw(현재 train의 class별 acc) [0.0, 0.0, 0.0, 0.0, 0.0, 1.0, 0.0]
cw_psl_total_eval(이전 pseudo label 클래스별 총 샘플 수):  [0, 0, 0, 0, 0, 0, 0]
cw_psl_correct_eval(이전 pseudo label 클래스별 맞은 샘플 수):  [0, 0, 0, 0, 0, 0, 0]
psl_acc(PSL 평가에서의 정확도): None 
cw_psl_acc(이전 클래스별 PSL 평가에서의 정확도):  [nan, nan, nan, nan, nan, nan, nan]
Save model to ./experiment/few_shot/output/
tensor([[0.1826, 0.1070, 0.1696, 0.1266, 0.1294, 0.1694, 0.1153],
        [0.2170, 0.0572, 0.2109, 0.1194, 0.1327, 0.1798, 0.0830],
        [0.1864, 0.1074, 0.1735, 0.1381, 0.1297, 0.1605, 0.1042],
        [0.1756, 0.0892, 0.1764, 0.1338, 0.1342, 0.1769, 0.1140],
        [0.2868, 0.0597, 0.1872, 0.1314, 0.1097, 0.1443, 0.0810],
        [0.1913, 0.0985, 0.1742, 0.1266, 0.1342, 0.1569, 0.1183],
        [0.1668, 0.0918, 0.1971, 0.1316, 0.1272, 0.1616, 0.1238]],
       device='cuda:0')

line 303 => train data수 70
line 258 => 인스턴스 수 10
=======test_loader=======
=======dev_loader=======
=======train_labeled_loader=======
=======finish=======
>>Epoch 2 Step 10 acc_test 0.122951 f1_test 0.031283 acc_val 0.228013 f1_val 0.053050 acc_train 0.142857 f1_train 0.035714 psl_cor 0 psl_totl 0 pslt_global 0.700000  Tim 0:01:20
acc_train_cw(현재 train의 class별 acc) [0.0, 0.0, 1.0, 0.0, 0.0, 0.0, 0.0]
cw_psl_total_eval(이전 pseudo label 클래스별 총 샘플 수):  [0, 0, 0, 0, 0, 0, 0]
cw_psl_correct_eval(이전 pseudo label 클래스별 맞은 샘플 수):  [0, 0, 0, 0, 0, 0, 0]
psl_acc(PSL 평가에서의 정확도): None 
cw_psl_acc(이전 클래스별 PSL 평가에서의 정확도):  [nan, nan, nan, nan, nan, nan, nan]
Save model to ./experiment/few_shot/output/
tensor([[0.1086, 0.2564, 0.1253, 0.1157, 0.0661, 0.1187, 0.2091],
        [0.1052, 0.2053, 0.1646, 0.1477, 0.0862, 0.1041, 0.1868],
        [0.0822, 0.2889, 0.1086, 0.1340, 0.0470, 0.1160, 0.2232],
        [0.1026, 0.2475, 0.1307, 0.1318, 0.0616, 0.1271, 0.1987],
        [0.1072, 0.2383, 0.1363, 0.1225, 0.0691, 0.1177, 0.2088],
        [0.1027, 0.2712, 0.1250, 0.1149, 0.0596, 0.1311, 0.1955],
        [0.1149, 0.2445, 0.1202, 0.1216, 0.0654, 0.1298, 0.2037]],
       device='cuda:0')

line 303 => train data수 70
line 258 => 인스턴스 수 10
=======test_loader=======
=======dev_loader=======
=======train_labeled_loader=======
=======finish=======
>>Epoch 3 Step 20 acc_test 0.278689 f1_test 0.062271 acc_val 0.006515 f1_val 0.001849 acc_train 0.142857 f1_train 0.035714 psl_cor 0 psl_totl 0 pslt_global 0.700000  Tim 0:02:11
acc_train_cw(현재 train의 class별 acc) [0.0, 1.0, 0.0, 0.0, 0.0, 0.0, 0.0]
cw_psl_total_eval(이전 pseudo label 클래스별 총 샘플 수):  [0, 0, 0, 0, 0, 0, 0]
cw_psl_correct_eval(이전 pseudo label 클래스별 맞은 샘플 수):  [0, 0, 0, 0, 0, 0, 0]
psl_acc(PSL 평가에서의 정확도): None 
cw_psl_acc(이전 클래스별 PSL 평가에서의 정확도):  [nan, nan, nan, nan, nan, nan, nan]
tensor([[0.1004, 0.1880, 0.1186, 0.1375, 0.1347, 0.1617, 0.1591],
        [0.1034, 0.1432, 0.1294, 0.1371, 0.1620, 0.1644, 0.1605],
        [0.1089, 0.1522, 0.1264, 0.1486, 0.1537, 0.1628, 0.1474],
        [0.1010, 0.1724, 0.1165, 0.1453, 0.1389, 0.1702, 0.1557],
        [0.1029, 0.1775, 0.1179, 0.1346, 0.1467, 0.1667, 0.1537],
        [0.1045, 0.1841, 0.1201, 0.1392, 0.1399, 0.1641, 0.1481],
        [0.1030, 0.1694, 0.1076, 0.1686, 0.1515, 0.1571, 0.1428]],
       device='cuda:0')

line 303 => train data수 70
line 258 => 인스턴스 수 10
=======test_loader=======
=======dev_loader=======
=======train_labeled_loader=======
=======finish=======
>>Epoch 4 Step 30 acc_test 0.278689 f1_test 0.062271 acc_val 0.006515 f1_val 0.001849 acc_train 0.142857 f1_train 0.035714 psl_cor 0 psl_totl 0 pslt_global 0.700000  Tim 0:03:11
acc_train_cw(현재 train의 class별 acc) [0.0, 1.0, 0.0, 0.0, 0.0, 0.0, 0.0]
cw_psl_total_eval(이전 pseudo label 클래스별 총 샘플 수):  [0, 0, 0, 0, 0, 0, 0]
cw_psl_correct_eval(이전 pseudo label 클래스별 맞은 샘플 수):  [0, 0, 0, 0, 0, 0, 0]
psl_acc(PSL 평가에서의 정확도): None 
cw_psl_acc(이전 클래스별 PSL 평가에서의 정확도):  [nan, nan, nan, nan, nan, nan, nan]
tensor([[0.1824, 0.1259, 0.0887, 0.1507, 0.1401, 0.1554, 0.1568],
        [0.1853, 0.1204, 0.0930, 0.1271, 0.1318, 0.1629, 0.1796],
        [0.1910, 0.1321, 0.0885, 0.1250, 0.1349, 0.1492, 0.1793],
        [0.1880, 0.1298, 0.0880, 0.1255, 0.1408, 0.1554, 0.1726],
        [0.2137, 0.1090, 0.1148, 0.1292, 0.1419, 0.1406, 0.1508],
        [0.1853, 0.1123, 0.0808, 0.1370, 0.1430, 0.1579, 0.1838],
        [0.1732, 0.1275, 0.0918, 0.1250, 0.1324, 0.1616, 0.1885]],
       device='cuda:0')

line 303 => train data수 70
line 258 => 인스턴스 수 10
=======test_loader=======
=======dev_loader=======
=======train_labeled_loader=======
=======finish=======
>>Epoch 5 Step 40 acc_test 0.077869 f1_test 0.020641 acc_val 0.091205 f1_val 0.023881 acc_train 0.142857 f1_train 0.035714 psl_cor 0 psl_totl 0 pslt_global 0.700000  Tim 0:04:08
acc_train_cw(현재 train의 class별 acc) [1.0, 0.0, 0.0, 0.0, 0.0, 0.0, 0.0]
cw_psl_total_eval(이전 pseudo label 클래스별 총 샘플 수):  [0, 0, 0, 0, 0, 0, 0]
cw_psl_correct_eval(이전 pseudo label 클래스별 맞은 샘플 수):  [0, 0, 0, 0, 0, 0, 0]
psl_acc(PSL 평가에서의 정확도): None 
cw_psl_acc(이전 클래스별 PSL 평가에서의 정확도):  [nan, nan, nan, nan, nan, nan, nan]
tensor([[0.1313, 0.1202, 0.1666, 0.1697, 0.1162, 0.1199, 0.1761],
        [0.1323, 0.1154, 0.1592, 0.1847, 0.1133, 0.1206, 0.1745],
        [0.1534, 0.1081, 0.1889, 0.1599, 0.1238, 0.1161, 0.1498],
        [0.1104, 0.0722, 0.2360, 0.1948, 0.0630, 0.0703, 0.2533],
        [0.1264, 0.1280, 0.1622, 0.1819, 0.1140, 0.1137, 0.1737],
        [0.1366, 0.1357, 0.1675, 0.1613, 0.1062, 0.1163, 0.1764],
        [0.1384, 0.1214, 0.1582, 0.1652, 0.1103, 0.1250, 0.1814]],
       device='cuda:0')

line 303 => train data수 70
line 258 => 인스턴스 수 10
=======test_loader=======
=======dev_loader=======
=======train_labeled_loader=======
=======finish=======
>>Epoch 6 Step 50 acc_test 0.161885 f1_test 0.039809 acc_val 0.387622 f1_val 0.079812 acc_train 0.142857 f1_train 0.035714 psl_cor 0 psl_totl 0 pslt_global 0.700000  Tim 0:04:54
acc_train_cw(현재 train의 class별 acc) [0.0, 0.0, 0.0, 1.0, 0.0, 0.0, 0.0]
cw_psl_total_eval(이전 pseudo label 클래스별 총 샘플 수):  [0, 0, 0, 0, 0, 0, 0]
cw_psl_correct_eval(이전 pseudo label 클래스별 맞은 샘플 수):  [0, 0, 0, 0, 0, 0, 0]
psl_acc(PSL 평가에서의 정확도): None 
cw_psl_acc(이전 클래스별 PSL 평가에서의 정확도):  [nan, nan, nan, nan, nan, nan, nan]
Save model to ./experiment/few_shot/output/
tensor([[0.0966, 0.1785, 0.1177, 0.1929, 0.1781, 0.1223, 0.1139],
        [0.1182, 0.1631, 0.1276, 0.1876, 0.1700, 0.1221, 0.1114],
        [0.1029, 0.1703, 0.1146, 0.1944, 0.1766, 0.1249, 0.1163],
        [0.1085, 0.1660, 0.1055, 0.1886, 0.1788, 0.1293, 0.1234],
        [0.1046, 0.1717, 0.1104, 0.2070, 0.1711, 0.1212, 0.1140],
        [0.1255, 0.1562, 0.1194, 0.1946, 0.1795, 0.1103, 0.1145],
        [0.1069, 0.1602, 0.1201, 0.1947, 0.1726, 0.1257, 0.1197]],
       device='cuda:0')

line 303 => train data수 70
line 258 => 인스턴스 수 10
=======test_loader=======
=======dev_loader=======
=======train_labeled_loader=======
=======finish=======
>>Epoch 7 Step 60 acc_test 0.161885 f1_test 0.039809 acc_val 0.387622 f1_val 0.079812 acc_train 0.142857 f1_train 0.035714 psl_cor 0 psl_totl 0 pslt_global 0.700000  Tim 0:06:00
acc_train_cw(현재 train의 class별 acc) [0.0, 0.0, 0.0, 1.0, 0.0, 0.0, 0.0]
cw_psl_total_eval(이전 pseudo label 클래스별 총 샘플 수):  [0, 0, 0, 0, 0, 0, 0]
cw_psl_correct_eval(이전 pseudo label 클래스별 맞은 샘플 수):  [0, 0, 0, 0, 0, 0, 0]
psl_acc(PSL 평가에서의 정확도): None 
cw_psl_acc(이전 클래스별 PSL 평가에서의 정확도):  [nan, nan, nan, nan, nan, nan, nan]
tensor([[0.1459, 0.1512, 0.1535, 0.1024, 0.1456, 0.1720, 0.1294],
        [0.1353, 0.1465, 0.1724, 0.1029, 0.1423, 0.1714, 0.1293],
        [0.1393, 0.1380, 0.1538, 0.1058, 0.1474, 0.1747, 0.1411],
        [0.1430, 0.1503, 0.1532, 0.1038, 0.1487, 0.1731, 0.1280],
        [0.1765, 0.1310, 0.1639, 0.1069, 0.1406, 0.1519, 0.1291],
        [0.1795, 0.1232, 0.1793, 0.1051, 0.1446, 0.1463, 0.1218],
        [0.1376, 0.1485, 0.1682, 0.1022, 0.1399, 0.1687, 0.1349]],
       device='cuda:0')

line 303 => train data수 70
line 258 => 인스턴스 수 10
=======test_loader=======
=======dev_loader=======
=======train_labeled_loader=======
=======finish=======
>>Epoch 8 Step 70 acc_test 0.297131 f1_test 0.065448 acc_val 0.026059 f1_val 0.007256 acc_train 0.142857 f1_train 0.035714 psl_cor 0 psl_totl 0 pslt_global 0.700000  Tim 0:06:53
acc_train_cw(현재 train의 class별 acc) [0.0, 0.0, 0.0, 0.0, 0.0, 1.0, 0.0]
cw_psl_total_eval(이전 pseudo label 클래스별 총 샘플 수):  [0, 0, 0, 0, 0, 0, 0]
cw_psl_correct_eval(이전 pseudo label 클래스별 맞은 샘플 수):  [0, 0, 0, 0, 0, 0, 0]
psl_acc(PSL 평가에서의 정확도): None 
cw_psl_acc(이전 클래스별 PSL 평가에서의 정확도):  [nan, nan, nan, nan, nan, nan, nan]
tensor([[0.1276, 0.1503, 0.0935, 0.1782, 0.1266, 0.1804, 0.1433],
        [0.1314, 0.1485, 0.0932, 0.1806, 0.1327, 0.1629, 0.1507],
        [0.1296, 0.1489, 0.0996, 0.1762, 0.1148, 0.1685, 0.1624],
        [0.1702, 0.1392, 0.1122, 0.1685, 0.1266, 0.1471, 0.1362],
        [0.1180, 0.1573, 0.0877, 0.1794, 0.1280, 0.1760, 0.1536],
        [0.1342, 0.1529, 0.0932, 0.1730, 0.1347, 0.1662, 0.1458],
        [0.1259, 0.1496, 0.0891, 0.1823, 0.1225, 0.1755, 0.1551]],
       device='cuda:0')

line 303 => train data수 70
line 258 => 인스턴스 수 10
=======test_loader=======
=======dev_loader=======
=======train_labeled_loader=======
=======finish=======
>>Epoch 9 Step 80 acc_test 0.161885 f1_test 0.039809 acc_val 0.387622 f1_val 0.079812 acc_train 0.142857 f1_train 0.035714 psl_cor 0 psl_totl 0 pslt_global 0.700000  Tim 0:07:43
acc_train_cw(현재 train의 class별 acc) [0.0, 0.0, 0.0, 1.0, 0.0, 0.0, 0.0]
cw_psl_total_eval(이전 pseudo label 클래스별 총 샘플 수):  [0, 0, 0, 0, 0, 0, 0]
cw_psl_correct_eval(이전 pseudo label 클래스별 맞은 샘플 수):  [0, 0, 0, 0, 0, 0, 0]
psl_acc(PSL 평가에서의 정확도): None 
cw_psl_acc(이전 클래스별 PSL 평가에서의 정확도):  [nan, nan, nan, nan, nan, nan, nan]
tensor([[0.1458, 0.1233, 0.1668, 0.1272, 0.1493, 0.1573, 0.1303],
        [0.1531, 0.1243, 0.1718, 0.1184, 0.1437, 0.1619, 0.1268],
        [0.1460, 0.1271, 0.1683, 0.1163, 0.1414, 0.1738, 0.1271],
        [0.1470, 0.1239, 0.1666, 0.1251, 0.1444, 0.1697, 0.1234],
        [0.1982, 0.0696, 0.2258, 0.1360, 0.1774, 0.1013, 0.0918],
        [0.1560, 0.1288, 0.1598, 0.1196, 0.1467, 0.1644, 0.1249],
        [0.1534, 0.1360, 0.1598, 0.1137, 0.1453, 0.1613, 0.1305]],
       device='cuda:0')

line 303 => train data수 70
line 258 => 인스턴스 수 10
=======test_loader=======
=======dev_loader=======
=======train_labeled_loader=======
=======finish=======
>>Epoch 10 Step 90 acc_test 0.122951 f1_test 0.031283 acc_val 0.228013 f1_val 0.053050 acc_train 0.142857 f1_train 0.035714 psl_cor 0 psl_totl 0 pslt_global 0.700000  Tim 0:08:43
acc_train_cw(현재 train의 class별 acc) [0.0, 0.0, 1.0, 0.0, 0.0, 0.0, 0.0]
cw_psl_total_eval(이전 pseudo label 클래스별 총 샘플 수):  [0, 0, 0, 0, 0, 0, 0]
cw_psl_correct_eval(이전 pseudo label 클래스별 맞은 샘플 수):  [0, 0, 0, 0, 0, 0, 0]
psl_acc(PSL 평가에서의 정확도): None 
cw_psl_acc(이전 클래스별 PSL 평가에서의 정확도):  [nan, nan, nan, nan, nan, nan, nan]
tensor([[0.1763, 0.1495, 0.1380, 0.1189, 0.1273, 0.1546, 0.1354],
        [0.1661, 0.1291, 0.1294, 0.1182, 0.1509, 0.1694, 0.1369],
        [0.1740, 0.1488, 0.1450, 0.1150, 0.1297, 0.1445, 0.1429],
        [0.1715, 0.1528, 0.1317, 0.1165, 0.1348, 0.1588, 0.1339],
        [0.1682, 0.1564, 0.1322, 0.1095, 0.1385, 0.1546, 0.1405],
        [0.1620, 0.1329, 0.1224, 0.1272, 0.1487, 0.1640, 0.1428],
        [0.1665, 0.1612, 0.1383, 0.1175, 0.1262, 0.1499, 0.1404]],
       device='cuda:0')

line 303 => train data수 70
line 258 => 인스턴스 수 10
=======test_loader=======
=======dev_loader=======
=======train_labeled_loader=======
=======finish=======
>>Epoch 11 Step 100 acc_test 0.077869 f1_test 0.020641 acc_val 0.091205 f1_val 0.023881 acc_train 0.142857 f1_train 0.035714 psl_cor 0 psl_totl 0 pslt_global 0.700000  Tim 0:09:34
acc_train_cw(현재 train의 class별 acc) [1.0, 0.0, 0.0, 0.0, 0.0, 0.0, 0.0]
cw_psl_total_eval(이전 pseudo label 클래스별 총 샘플 수):  [0, 0, 0, 0, 0, 0, 0]
cw_psl_correct_eval(이전 pseudo label 클래스별 맞은 샘플 수):  [0, 0, 0, 0, 0, 0, 0]
psl_acc(PSL 평가에서의 정확도): None 
cw_psl_acc(이전 클래스별 PSL 평가에서의 정확도):  [nan, nan, nan, nan, nan, nan, nan]
tensor([[0.1389, 0.1236, 0.1283, 0.1698, 0.1623, 0.1290, 0.1481],
        [0.1674, 0.1356, 0.1295, 0.1663, 0.1381, 0.1126, 0.1505],
        [0.1547, 0.1335, 0.1349, 0.1735, 0.1423, 0.1088, 0.1524],
        [0.1537, 0.1277, 0.1287, 0.1818, 0.1471, 0.1016, 0.1594],
        [0.1601, 0.1366, 0.1398, 0.1663, 0.1393, 0.1040, 0.1540],
        [0.1605, 0.1327, 0.1371, 0.1758, 0.1335, 0.1088, 0.1515],
        [0.1600, 0.1402, 0.1366, 0.1678, 0.1378, 0.1053, 0.1524]],
       device='cuda:0')

line 303 => train data수 70
line 258 => 인스턴스 수 10
=======test_loader=======
=======dev_loader=======
=======train_labeled_loader=======
=======finish=======
>>Epoch 12 Step 110 acc_test 0.161885 f1_test 0.039809 acc_val 0.387622 f1_val 0.079812 acc_train 0.142857 f1_train 0.035714 psl_cor 0 psl_totl 0 pslt_global 0.700000  Tim 0:10:26
acc_train_cw(현재 train의 class별 acc) [0.0, 0.0, 0.0, 1.0, 0.0, 0.0, 0.0]
cw_psl_total_eval(이전 pseudo label 클래스별 총 샘플 수):  [0, 0, 0, 0, 0, 0, 0]
cw_psl_correct_eval(이전 pseudo label 클래스별 맞은 샘플 수):  [0, 0, 0, 0, 0, 0, 0]
psl_acc(PSL 평가에서의 정확도): None 
cw_psl_acc(이전 클래스별 PSL 평가에서의 정확도):  [nan, nan, nan, nan, nan, nan, nan]
tensor([[0.0964, 0.1276, 0.1435, 0.1433, 0.1900, 0.1741, 0.1250],
        [0.0834, 0.1295, 0.1383, 0.1375, 0.2054, 0.1804, 0.1255],
        [0.1248, 0.1593, 0.1299, 0.1526, 0.1685, 0.1412, 0.1237],
        [0.1208, 0.1550, 0.1451, 0.1479, 0.1704, 0.1390, 0.1218],
        [0.1099, 0.1405, 0.1503, 0.1359, 0.1877, 0.1581, 0.1176],
        [0.0947, 0.1225, 0.1360, 0.1328, 0.2011, 0.1947, 0.1183],
        [0.0981, 0.1265, 0.1421, 0.1532, 0.1852, 0.1762, 0.1187]],
       device='cuda:0')

line 303 => train data수 70
line 258 => 인스턴스 수 10
=======test_loader=======
=======dev_loader=======
=======train_labeled_loader=======
=======finish=======
>>Epoch 13 Step 120 acc_test 0.043033 f1_test 0.011788 acc_val 0.143322 f1_val 0.035816 acc_train 0.142857 f1_train 0.035714 psl_cor 0 psl_totl 0 pslt_global 0.700000  Tim 0:11:26
acc_train_cw(현재 train의 class별 acc) [0.0, 0.0, 0.0, 0.0, 1.0, 0.0, 0.0]
cw_psl_total_eval(이전 pseudo label 클래스별 총 샘플 수):  [0, 0, 0, 0, 0, 0, 0]
cw_psl_correct_eval(이전 pseudo label 클래스별 맞은 샘플 수):  [0, 0, 0, 0, 0, 0, 0]
psl_acc(PSL 평가에서의 정확도): None 
cw_psl_acc(이전 클래스별 PSL 평가에서의 정확도):  [nan, nan, nan, nan, nan, nan, nan]
tensor([[0.1161, 0.0653, 0.2210, 0.2690, 0.0519, 0.1155, 0.1611],
        [0.1407, 0.1207, 0.1600, 0.1647, 0.1210, 0.1460, 0.1469],
        [0.1358, 0.1216, 0.1586, 0.1665, 0.1204, 0.1520, 0.1452],
        [0.1357, 0.1272, 0.1639, 0.1746, 0.1142, 0.1394, 0.1450],
        [0.1397, 0.1267, 0.1540, 0.1628, 0.1174, 0.1483, 0.1511],
        [0.1460, 0.1322, 0.1509, 0.1801, 0.1113, 0.1366, 0.1428],
        [0.1379, 0.1243, 0.1668, 0.1708, 0.1111, 0.1409, 0.1481]],
       device='cuda:0')

line 303 => train data수 70
line 258 => 인스턴스 수 10
=======test_loader=======
=======dev_loader=======
=======train_labeled_loader=======
=======finish=======
>>Epoch 14 Step 130 acc_test 0.161885 f1_test 0.039809 acc_val 0.387622 f1_val 0.079812 acc_train 0.142857 f1_train 0.035714 psl_cor 0 psl_totl 0 pslt_global 0.700000  Tim 0:12:15
acc_train_cw(현재 train의 class별 acc) [0.0, 0.0, 0.0, 1.0, 0.0, 0.0, 0.0]
cw_psl_total_eval(이전 pseudo label 클래스별 총 샘플 수):  [0, 0, 0, 0, 0, 0, 0]
cw_psl_correct_eval(이전 pseudo label 클래스별 맞은 샘플 수):  [0, 0, 0, 0, 0, 0, 0]
psl_acc(PSL 평가에서의 정확도): None 
cw_psl_acc(이전 클래스별 PSL 평가에서의 정확도):  [nan, nan, nan, nan, nan, nan, nan]
tensor([[0.1223, 0.1535, 0.1224, 0.1505, 0.1299, 0.1731, 0.1483],
        [0.1181, 0.1553, 0.1243, 0.1434, 0.1315, 0.1756, 0.1516],
        [0.1171, 0.1682, 0.1211, 0.1485, 0.1264, 0.1656, 0.1533],
        [0.1116, 0.1542, 0.1272, 0.1615, 0.1332, 0.1625, 0.1497],
        [0.1259, 0.1658, 0.1214, 0.1395, 0.1293, 0.1596, 0.1585],
        [0.1271, 0.1636, 0.1156, 0.1544, 0.1387, 0.1482, 0.1524],
        [0.1199, 0.1394, 0.1364, 0.1706, 0.1301, 0.1548, 0.1488]],
       device='cuda:0')

line 303 => train data수 70
line 258 => 인스턴스 수 10
=======test_loader=======
=======dev_loader=======
=======train_labeled_loader=======
=======finish=======
>>Epoch 15 Step 140 acc_test 0.278689 f1_test 0.062271 acc_val 0.006515 f1_val 0.001849 acc_train 0.142857 f1_train 0.035714 psl_cor 0 psl_totl 0 pslt_global 0.700000  Tim 0:13:08
acc_train_cw(현재 train의 class별 acc) [0.0, 1.0, 0.0, 0.0, 0.0, 0.0, 0.0]
cw_psl_total_eval(이전 pseudo label 클래스별 총 샘플 수):  [0, 0, 0, 0, 0, 0, 0]
cw_psl_correct_eval(이전 pseudo label 클래스별 맞은 샘플 수):  [0, 0, 0, 0, 0, 0, 0]
psl_acc(PSL 평가에서의 정확도): None 
cw_psl_acc(이전 클래스별 PSL 평가에서의 정확도):  [nan, nan, nan, nan, nan, nan, nan]
tensor([[0.0416, 0.1417, 0.0706, 0.0642, 0.3571, 0.2241, 0.1007],
        [0.1087, 0.1425, 0.1222, 0.1190, 0.2056, 0.1769, 0.1251],
        [0.1052, 0.1478, 0.1177, 0.1104, 0.2113, 0.1734, 0.1342],
        [0.1063, 0.1474, 0.1160, 0.1106, 0.2147, 0.1699, 0.1351],
        [0.1421, 0.1416, 0.1044, 0.1392, 0.2076, 0.1316, 0.1335],
        [0.1062, 0.1314, 0.1158, 0.1281, 0.2191, 0.1781, 0.1213],
        [0.1100, 0.1444, 0.1133, 0.1141, 0.2158, 0.1757, 0.1267]],
       device='cuda:0')

line 303 => train data수 70
line 258 => 인스턴스 수 10
=======test_loader=======
=======dev_loader=======
=======train_labeled_loader=======
=======finish=======
>>Epoch 16 Step 150 acc_test 0.043033 f1_test 0.011788 acc_val 0.143322 f1_val 0.035816 acc_train 0.142857 f1_train 0.035714 psl_cor 0 psl_totl 0 pslt_global 0.700000  Tim 0:14:09
acc_train_cw(현재 train의 class별 acc) [0.0, 0.0, 0.0, 0.0, 1.0, 0.0, 0.0]
cw_psl_total_eval(이전 pseudo label 클래스별 총 샘플 수):  [0, 0, 0, 0, 0, 0, 0]
cw_psl_correct_eval(이전 pseudo label 클래스별 맞은 샘플 수):  [0, 0, 0, 0, 0, 0, 0]
psl_acc(PSL 평가에서의 정확도): None 
cw_psl_acc(이전 클래스별 PSL 평가에서의 정확도):  [nan, nan, nan, nan, nan, nan, nan]
tensor([[0.1782, 0.1447, 0.1765, 0.1306, 0.1021, 0.1444, 0.1234],
        [0.1888, 0.1435, 0.1642, 0.1216, 0.1071, 0.1516, 0.1232],
        [0.1906, 0.1333, 0.1767, 0.1260, 0.1144, 0.1434, 0.1156],
        [0.1738, 0.1381, 0.1851, 0.1236, 0.1082, 0.1495, 0.1217],
        [0.1814, 0.1423, 0.1709, 0.1301, 0.1152, 0.1364, 0.1237],
        [0.1921, 0.1311, 0.1777, 0.1238, 0.1168, 0.1368, 0.1217],
        [0.1815, 0.1369, 0.1827, 0.1340, 0.1116, 0.1368, 0.1166]],
       device='cuda:0')

line 303 => train data수 70
line 258 => 인스턴스 수 10
=======test_loader=======
=======dev_loader=======
=======train_labeled_loader=======
=======finish=======
>>Epoch 17 Step 160 acc_test 0.077869 f1_test 0.020641 acc_val 0.091205 f1_val 0.023881 acc_train 0.142857 f1_train 0.035714 psl_cor 0 psl_totl 0 pslt_global 0.700000  Tim 0:14:57
acc_train_cw(현재 train의 class별 acc) [1.0, 0.0, 0.0, 0.0, 0.0, 0.0, 0.0]
cw_psl_total_eval(이전 pseudo label 클래스별 총 샘플 수):  [0, 0, 0, 0, 0, 0, 0]
cw_psl_correct_eval(이전 pseudo label 클래스별 맞은 샘플 수):  [0, 0, 0, 0, 0, 0, 0]
psl_acc(PSL 평가에서의 정확도): None 
cw_psl_acc(이전 클래스별 PSL 평가에서의 정확도):  [nan, nan, nan, nan, nan, nan, nan]
tensor([[0.1413, 0.1356, 0.1594, 0.1264, 0.1241, 0.1384, 0.1748],
        [0.1471, 0.1301, 0.1631, 0.1310, 0.1202, 0.1390, 0.1694],
        [0.1397, 0.1394, 0.1649, 0.1204, 0.1209, 0.1352, 0.1794],
        [0.1467, 0.1298, 0.1530, 0.1396, 0.1322, 0.1268, 0.1718],
        [0.1489, 0.1319, 0.1532, 0.1373, 0.1194, 0.1402, 0.1691],
        [0.1062, 0.1777, 0.1833, 0.0933, 0.0916, 0.1100, 0.2380],
        [0.1444, 0.1335, 0.1703, 0.1268, 0.1182, 0.1432, 0.1636]],
       device='cuda:0')

line 303 => train data수 70
line 258 => 인스턴스 수 10
=======test_loader=======
=======dev_loader=======
=======train_labeled_loader=======
=======finish=======
>>Epoch 18 Step 170 acc_test 0.018443 f1_test 0.005174 acc_val 0.117264 f1_val 0.029988 acc_train 0.142857 f1_train 0.035714 psl_cor 0 psl_totl 0 pslt_global 0.700000  Tim 0:15:51
acc_train_cw(현재 train의 class별 acc) [0.0, 0.0, 0.0, 0.0, 0.0, 0.0, 1.0]
cw_psl_total_eval(이전 pseudo label 클래스별 총 샘플 수):  [0, 0, 0, 0, 0, 0, 0]
cw_psl_correct_eval(이전 pseudo label 클래스별 맞은 샘플 수):  [0, 0, 0, 0, 0, 0, 0]
psl_acc(PSL 평가에서의 정확도): None 
cw_psl_acc(이전 클래스별 PSL 평가에서의 정확도):  [nan, nan, nan, nan, nan, nan, nan]
tensor([[0.1445, 0.2072, 0.1179, 0.0956, 0.1313, 0.0615, 0.2419],
        [0.1403, 0.1576, 0.1412, 0.1161, 0.1561, 0.1257, 0.1630],
        [0.1730, 0.1353, 0.1231, 0.1400, 0.1514, 0.1175, 0.1599],
        [0.1272, 0.1722, 0.1500, 0.1181, 0.1503, 0.1259, 0.1563],
        [0.1441, 0.1676, 0.1377, 0.1165, 0.1454, 0.1265, 0.1622],
        [0.1529, 0.1561, 0.1267, 0.1339, 0.1460, 0.1233, 0.1612],
        [0.1715, 0.1411, 0.1231, 0.1372, 0.1434, 0.1176, 0.1661]],
       device='cuda:0')

line 303 => train data수 70
line 258 => 인스턴스 수 10
=======test_loader=======
=======dev_loader=======
=======train_labeled_loader=======
=======finish=======
>>Epoch 19 Step 180 acc_test 0.278689 f1_test 0.062271 acc_val 0.006515 f1_val 0.001849 acc_train 0.142857 f1_train 0.035714 psl_cor 0 psl_totl 0 pslt_global 0.700000  Tim 0:16:52
acc_train_cw(현재 train의 class별 acc) [0.0, 1.0, 0.0, 0.0, 0.0, 0.0, 0.0]
cw_psl_total_eval(이전 pseudo label 클래스별 총 샘플 수):  [0, 0, 0, 0, 0, 0, 0]
cw_psl_correct_eval(이전 pseudo label 클래스별 맞은 샘플 수):  [0, 0, 0, 0, 0, 0, 0]
psl_acc(PSL 평가에서의 정확도): None 
cw_psl_acc(이전 클래스별 PSL 평가에서의 정확도):  [nan, nan, nan, nan, nan, nan, nan]
tensor([[0.1367, 0.1413, 0.1686, 0.1558, 0.1420, 0.1218, 0.1339],
        [0.1053, 0.1351, 0.2433, 0.1489, 0.1529, 0.0991, 0.1154],
        [0.1067, 0.1357, 0.2056, 0.1527, 0.1554, 0.0956, 0.1483],
        [0.1639, 0.1123, 0.1633, 0.1612, 0.1413, 0.1373, 0.1207],
        [0.1455, 0.1267, 0.1727, 0.1420, 0.1428, 0.1394, 0.1308],
        [0.1007, 0.1339, 0.2270, 0.1326, 0.1661, 0.0924, 0.1474],
        [0.1384, 0.1237, 0.1762, 0.1535, 0.1404, 0.1367, 0.1310]],
       device='cuda:0')

line 303 => train data수 70
line 258 => 인스턴스 수 10
=======test_loader=======
=======dev_loader=======
=======train_labeled_loader=======
=======finish=======
>>Epoch 20 Step 190 acc_test 0.122951 f1_test 0.031283 acc_val 0.228013 f1_val 0.053050 acc_train 0.142857 f1_train 0.035714 psl_cor 0 psl_totl 0 pslt_global 0.700000  Tim 0:17:38
acc_train_cw(현재 train의 class별 acc) [0.0, 0.0, 1.0, 0.0, 0.0, 0.0, 0.0]
cw_psl_total_eval(이전 pseudo label 클래스별 총 샘플 수):  [0, 0, 0, 0, 0, 0, 0]
cw_psl_correct_eval(이전 pseudo label 클래스별 맞은 샘플 수):  [0, 0, 0, 0, 0, 0, 0]
psl_acc(PSL 평가에서의 정확도): None 
cw_psl_acc(이전 클래스별 PSL 평가에서의 정확도):  [nan, nan, nan, nan, nan, nan, nan]
tensor([[0.1478, 0.1530, 0.1300, 0.1422, 0.1352, 0.1496, 0.1422],
        [0.1178, 0.1808, 0.1633, 0.1210, 0.1262, 0.1627, 0.1283],
        [0.1461, 0.1507, 0.1328, 0.1391, 0.1339, 0.1510, 0.1464],
        [0.1531, 0.1811, 0.1401, 0.1261, 0.1344, 0.1543, 0.1110],
        [0.1361, 0.1889, 0.1431, 0.1315, 0.1348, 0.1522, 0.1133],
        [0.1177, 0.2011, 0.1527, 0.1233, 0.1280, 0.1553, 0.1218],
        [0.1327, 0.1809, 0.1475, 0.1276, 0.1437, 0.1544, 0.1132]],
       device='cuda:0')

line 303 => train data수 70
line 258 => 인스턴스 수 10
=======test_loader=======
=======dev_loader=======
=======train_labeled_loader=======
=======finish=======
>>Epoch 21 Step 200 acc_test 0.278689 f1_test 0.062271 acc_val 0.006515 f1_val 0.001849 acc_train 0.142857 f1_train 0.035714 psl_cor 0 psl_totl 0 pslt_global 0.700000  Tim 0:18:34
acc_train_cw(현재 train의 class별 acc) [0.0, 1.0, 0.0, 0.0, 0.0, 0.0, 0.0]
cw_psl_total_eval(이전 pseudo label 클래스별 총 샘플 수):  [0, 0, 0, 0, 0, 0, 0]
cw_psl_correct_eval(이전 pseudo label 클래스별 맞은 샘플 수):  [0, 0, 0, 0, 0, 0, 0]
psl_acc(PSL 평가에서의 정확도): None 
cw_psl_acc(이전 클래스별 PSL 평가에서의 정확도):  [nan, nan, nan, nan, nan, nan, nan]
tensor([[0.2007, 0.1228, 0.1020, 0.1540, 0.1238, 0.1418, 0.1549],
        [0.3837, 0.1181, 0.0562, 0.1632, 0.0777, 0.1176, 0.0836],
        [0.2116, 0.1285, 0.1024, 0.1685, 0.1151, 0.1488, 0.1252],
        [0.1891, 0.1368, 0.1151, 0.1501, 0.1228, 0.1487, 0.1373],
        [0.1973, 0.1308, 0.1025, 0.1515, 0.1201, 0.1457, 0.1521],
        [0.1823, 0.1368, 0.1136, 0.1451, 0.1236, 0.1627, 0.1358],
        [0.1913, 0.1341, 0.1152, 0.1489, 0.1279, 0.1489, 0.1337]],
       device='cuda:0')

line 303 => train data수 71
line 258 => 인스턴스 수 11
=======test_loader=======
=======dev_loader=======
=======train_labeled_loader=======
=======finish=======
>>Epoch 22 Step 210 acc_test 0.077869 f1_test 0.020641 acc_val 0.091205 f1_val 0.023881 acc_train 0.154930 f1_train 0.038328 psl_cor 0 psl_totl 1 pslt_global 0.700000  Tim 0:19:34
acc_train_cw(현재 train의 class별 acc) [1.0, 0.0, 0.0, 0.0, 0.0, 0.0, 0.0]
cw_psl_total_eval(이전 pseudo label 클래스별 총 샘플 수):  [1, 0, 0, 0, 0, 0, 0]
cw_psl_correct_eval(이전 pseudo label 클래스별 맞은 샘플 수):  [0, 0, 0, 0, 0, 0, 0]
psl_acc(이전 PSL 평가에서의 정확도):  0.0 
cw_psl_acc(이전 클래스별 PSL 평가에서의 정확도):  [0.0, nan, nan, nan, nan, nan, nan]
train batch instace수가 7안됨 pass
tensor([[0.1638, 0.1282, 0.1158, 0.1508, 0.1467, 0.1583, 0.1364],
        [0.1689, 0.1248, 0.1071, 0.1605, 0.1377, 0.1485, 0.1525],
        [0.1643, 0.1230, 0.1115, 0.1524, 0.1431, 0.1633, 0.1424],
        [0.1765, 0.1249, 0.1109, 0.1453, 0.1439, 0.1621, 0.1363],
        [0.1454, 0.1349, 0.0693, 0.1912, 0.1539, 0.1969, 0.1084],
        [0.1677, 0.1266, 0.1144, 0.1468, 0.1487, 0.1670, 0.1287],
        [0.1702, 0.1257, 0.1106, 0.1559, 0.1454, 0.1645, 0.1278]],
       device='cuda:0')

line 303 => train data수 71
line 258 => 인스턴스 수 11
=======test_loader=======
=======dev_loader=======
=======train_labeled_loader=======
=======finish=======
>>Epoch 23 Step 221 acc_test 0.077869 f1_test 0.020641 acc_val 0.091205 f1_val 0.023881 acc_train 0.154930 f1_train 0.038328 psl_cor 0 psl_totl 0 pslt_global 0.700000  Tim 0:20:20
acc_train_cw(현재 train의 class별 acc) [1.0, 0.0, 0.0, 0.0, 0.0, 0.0, 0.0]
cw_psl_total_eval(이전 pseudo label 클래스별 총 샘플 수):  [0, 0, 0, 0, 0, 0, 0]
cw_psl_correct_eval(이전 pseudo label 클래스별 맞은 샘플 수):  [0, 0, 0, 0, 0, 0, 0]
psl_acc(PSL 평가에서의 정확도): None 
cw_psl_acc(이전 클래스별 PSL 평가에서의 정확도):  [nan, nan, nan, nan, nan, nan, nan]
train batch instace수가 7안됨 pass
tensor([[0.1476, 0.1373, 0.1178, 0.1184, 0.1669, 0.1682, 0.1440],
        [0.1397, 0.1537, 0.1173, 0.1226, 0.1644, 0.1602, 0.1421],
        [0.1415, 0.1463, 0.1242, 0.1212, 0.1663, 0.1524, 0.1481],
        [0.1528, 0.1478, 0.1129, 0.1205, 0.1618, 0.1611, 0.1431],
        [0.1479, 0.1366, 0.1174, 0.1247, 0.1735, 0.1527, 0.1472],
        [0.1399, 0.1403, 0.1183, 0.1254, 0.1645, 0.1606, 0.1509],
        [0.1613, 0.1371, 0.1087, 0.1230, 0.1696, 0.1554, 0.1450]],
       device='cuda:0')

line 303 => train data수 71
line 258 => 인스턴스 수 11
=======test_loader=======
=======dev_loader=======
=======train_labeled_loader=======
=======finish=======
>>Epoch 24 Step 232 acc_test 0.043033 f1_test 0.011788 acc_val 0.143322 f1_val 0.035816 acc_train 0.140845 f1_train 0.035273 psl_cor 0 psl_totl 0 pslt_global 0.700000  Tim 0:21:17
acc_train_cw(현재 train의 class별 acc) [0.0, 0.0, 0.0, 0.0, 1.0, 0.0, 0.0]
cw_psl_total_eval(이전 pseudo label 클래스별 총 샘플 수):  [0, 0, 0, 0, 0, 0, 0]
cw_psl_correct_eval(이전 pseudo label 클래스별 맞은 샘플 수):  [0, 0, 0, 0, 0, 0, 0]
psl_acc(PSL 평가에서의 정확도): None 
cw_psl_acc(이전 클래스별 PSL 평가에서의 정확도):  [nan, nan, nan, nan, nan, nan, nan]
train batch instace수가 7안됨 pass
tensor([[0.1194, 0.1791, 0.1479, 0.1510, 0.1265, 0.1414, 0.1349],
        [0.1246, 0.1801, 0.1396, 0.1515, 0.1295, 0.1426, 0.1321],
        [0.1219, 0.1776, 0.1444, 0.1521, 0.1235, 0.1461, 0.1343],
        [0.1210, 0.1759, 0.1372, 0.1539, 0.1273, 0.1487, 0.1359],
        [0.1191, 0.1726, 0.1488, 0.1531, 0.1299, 0.1414, 0.1351],
        [0.1288, 0.1739, 0.1411, 0.1541, 0.1289, 0.1480, 0.1252],
        [0.1159, 0.1817, 0.1078, 0.2421, 0.0663, 0.1194, 0.1668]],
       device='cuda:0')

line 303 => train data수 71
line 258 => 인스턴스 수 11
=======test_loader=======
=======dev_loader=======
=======train_labeled_loader=======
=======finish=======
>>Epoch 25 Step 243 acc_test 0.278689 f1_test 0.062271 acc_val 0.006515 f1_val 0.001849 acc_train 0.140845 f1_train 0.035273 psl_cor 0 psl_totl 0 pslt_global 0.700000  Tim 0:22:17
acc_train_cw(현재 train의 class별 acc) [0.0, 1.0, 0.0, 0.0, 0.0, 0.0, 0.0]
cw_psl_total_eval(이전 pseudo label 클래스별 총 샘플 수):  [0, 0, 0, 0, 0, 0, 0]
cw_psl_correct_eval(이전 pseudo label 클래스별 맞은 샘플 수):  [0, 0, 0, 0, 0, 0, 0]
psl_acc(PSL 평가에서의 정확도): None 
cw_psl_acc(이전 클래스별 PSL 평가에서의 정확도):  [nan, nan, nan, nan, nan, nan, nan]
train batch instace수가 7안됨 pass
tensor([[0.1477, 0.1518, 0.1226, 0.1318, 0.1259, 0.1476, 0.1726],
        [0.1329, 0.1678, 0.1444, 0.1154, 0.1275, 0.1533, 0.1586],
        [0.1435, 0.1567, 0.1369, 0.1249, 0.1287, 0.1456, 0.1636],
        [0.1373, 0.1716, 0.1332, 0.1176, 0.1307, 0.1525, 0.1570],
        [0.1351, 0.1678, 0.1488, 0.1241, 0.1212, 0.1509, 0.1521],
        [0.1326, 0.1563, 0.1496, 0.1168, 0.1292, 0.1572, 0.1584],
        [0.1349, 0.1608, 0.1419, 0.1205, 0.1247, 0.1563, 0.1609]],
       device='cuda:0')

line 303 => train data수 71
line 258 => 인스턴스 수 11
=======test_loader=======
=======dev_loader=======
=======train_labeled_loader=======
=======finish=======
>>Epoch 26 Step 254 acc_test 0.278689 f1_test 0.062271 acc_val 0.006515 f1_val 0.001849 acc_train 0.140845 f1_train 0.035273 psl_cor 0 psl_totl 0 pslt_global 0.700000  Tim 0:23:03
acc_train_cw(현재 train의 class별 acc) [0.0, 1.0, 0.0, 0.0, 0.0, 0.0, 0.0]
cw_psl_total_eval(이전 pseudo label 클래스별 총 샘플 수):  [0, 0, 0, 0, 0, 0, 0]
cw_psl_correct_eval(이전 pseudo label 클래스별 맞은 샘플 수):  [0, 0, 0, 0, 0, 0, 0]
psl_acc(PSL 평가에서의 정확도): None 
cw_psl_acc(이전 클래스별 PSL 평가에서의 정확도):  [nan, nan, nan, nan, nan, nan, nan]
train batch instace수가 7안됨 pass
tensor([[0.1635, 0.1370, 0.1418, 0.1408, 0.1274, 0.1349, 0.1545],
        [0.1543, 0.1686, 0.1426, 0.1291, 0.1247, 0.1432, 0.1375],
        [0.1525, 0.1673, 0.1470, 0.1247, 0.1244, 0.1410, 0.1431],
        [0.1563, 0.1757, 0.1438, 0.1260, 0.1274, 0.1312, 0.1397],
        [0.1744, 0.1774, 0.1256, 0.1346, 0.1262, 0.1264, 0.1354],
        [0.1706, 0.2416, 0.0932, 0.1357, 0.0915, 0.1049, 0.1626],
        [0.1743, 0.1481, 0.1401, 0.1335, 0.1286, 0.1252, 0.1503]],
       device='cuda:0')

line 303 => train data수 71
line 258 => 인스턴스 수 11
=======test_loader=======
=======dev_loader=======
=======train_labeled_loader=======
=======finish=======
>>Epoch 27 Step 265 acc_test 0.278689 f1_test 0.062271 acc_val 0.006515 f1_val 0.001849 acc_train 0.140845 f1_train 0.035273 psl_cor 0 psl_totl 0 pslt_global 0.700000  Tim 0:24:00
acc_train_cw(현재 train의 class별 acc) [0.0, 1.0, 0.0, 0.0, 0.0, 0.0, 0.0]
cw_psl_total_eval(이전 pseudo label 클래스별 총 샘플 수):  [0, 0, 0, 0, 0, 0, 0]
cw_psl_correct_eval(이전 pseudo label 클래스별 맞은 샘플 수):  [0, 0, 0, 0, 0, 0, 0]
psl_acc(PSL 평가에서의 정확도): None 
cw_psl_acc(이전 클래스별 PSL 평가에서의 정확도):  [nan, nan, nan, nan, nan, nan, nan]
train batch instace수가 7안됨 pass
tensor([[0.1353, 0.1132, 0.1634, 0.1462, 0.1689, 0.1516, 0.1214],
        [0.1458, 0.1052, 0.1508, 0.1489, 0.1750, 0.1362, 0.1382],
        [0.1406, 0.1042, 0.1617, 0.1453, 0.1705, 0.1392, 0.1385],
        [0.1420, 0.1247, 0.1427, 0.1327, 0.1783, 0.1541, 0.1255],
        [0.0917, 0.0973, 0.1188, 0.1132, 0.2230, 0.2559, 0.1001],
        [0.1405, 0.1141, 0.1513, 0.1385, 0.1697, 0.1708, 0.1151],
        [0.1354, 0.1106, 0.1567, 0.1398, 0.1728, 0.1609, 0.1237]],
       device='cuda:0')

line 303 => train data수 71
line 258 => 인스턴스 수 11
=======test_loader=======
=======dev_loader=======
=======train_labeled_loader=======
=======finish=======
>>Epoch 28 Step 276 acc_test 0.043033 f1_test 0.011788 acc_val 0.143322 f1_val 0.035816 acc_train 0.140845 f1_train 0.035273 psl_cor 0 psl_totl 0 pslt_global 0.700000  Tim 0:25:00
acc_train_cw(현재 train의 class별 acc) [0.0, 0.0, 0.0, 0.0, 1.0, 0.0, 0.0]
cw_psl_total_eval(이전 pseudo label 클래스별 총 샘플 수):  [0, 0, 0, 0, 0, 0, 0]
cw_psl_correct_eval(이전 pseudo label 클래스별 맞은 샘플 수):  [0, 0, 0, 0, 0, 0, 0]
psl_acc(PSL 평가에서의 정확도): None 
cw_psl_acc(이전 클래스별 PSL 평가에서의 정확도):  [nan, nan, nan, nan, nan, nan, nan]
train batch instace수가 7안됨 pass
tensor([[0.1466, 0.1452, 0.1590, 0.1772, 0.1288, 0.1267, 0.1164],
        [0.1450, 0.1499, 0.1456, 0.1848, 0.1328, 0.1273, 0.1147],
        [0.1471, 0.1441, 0.1746, 0.1678, 0.1222, 0.1305, 0.1137],
        [0.1472, 0.1331, 0.1612, 0.1754, 0.1418, 0.1135, 0.1278],
        [0.1425, 0.1464, 0.1583, 0.1665, 0.1352, 0.1252, 0.1260],
        [0.1440, 0.1478, 0.1497, 0.1786, 0.1278, 0.1365, 0.1154],
        [0.1438, 0.1457, 0.1597, 0.1853, 0.1294, 0.1292, 0.1069]],
       device='cuda:0')

line 303 => train data수 71
line 258 => 인스턴스 수 11
=======test_loader=======
=======dev_loader=======
=======train_labeled_loader=======
=======finish=======
>>Epoch 29 Step 287 acc_test 0.161885 f1_test 0.039809 acc_val 0.387622 f1_val 0.079812 acc_train 0.140845 f1_train 0.035273 psl_cor 0 psl_totl 0 pslt_global 0.700000  Tim 0:25:47
acc_train_cw(현재 train의 class별 acc) [0.0, 0.0, 0.0, 1.0, 0.0, 0.0, 0.0]
cw_psl_total_eval(이전 pseudo label 클래스별 총 샘플 수):  [0, 0, 0, 0, 0, 0, 0]
cw_psl_correct_eval(이전 pseudo label 클래스별 맞은 샘플 수):  [0, 0, 0, 0, 0, 0, 0]
psl_acc(PSL 평가에서의 정확도): None 
cw_psl_acc(이전 클래스별 PSL 평가에서의 정확도):  [nan, nan, nan, nan, nan, nan, nan]
train batch instace수가 7안됨 pass
tensor([[0.1958, 0.1429, 0.1216, 0.1533, 0.1201, 0.1280, 0.1383],
        [0.1873, 0.1492, 0.1326, 0.1488, 0.1143, 0.1254, 0.1424],
        [0.1949, 0.1437, 0.1237, 0.1536, 0.1137, 0.1249, 0.1454],
        [0.1883, 0.1429, 0.1319, 0.1563, 0.1104, 0.1316, 0.1385],
        [0.1932, 0.1533, 0.1267, 0.1495, 0.1117, 0.1243, 0.1413],
        [0.1946, 0.1456, 0.1233, 0.1462, 0.1232, 0.1291, 0.1380],
        [0.1914, 0.1508, 0.1238, 0.1478, 0.1113, 0.1335, 0.1415]],
       device='cuda:0')

line 303 => train data수 71
line 258 => 인스턴스 수 11
=======test_loader=======
=======dev_loader=======
=======train_labeled_loader=======
=======finish=======
>>Epoch 30 Step 298 acc_test 0.077869 f1_test 0.020641 acc_val 0.091205 f1_val 0.023881 acc_train 0.154930 f1_train 0.038328 psl_cor 0 psl_totl 0 pslt_global 0.700000  Tim 0:26:45
acc_train_cw(현재 train의 class별 acc) [1.0, 0.0, 0.0, 0.0, 0.0, 0.0, 0.0]
cw_psl_total_eval(이전 pseudo label 클래스별 총 샘플 수):  [0, 0, 0, 0, 0, 0, 0]
cw_psl_correct_eval(이전 pseudo label 클래스별 맞은 샘플 수):  [0, 0, 0, 0, 0, 0, 0]
psl_acc(PSL 평가에서의 정확도): None 
cw_psl_acc(이전 클래스별 PSL 평가에서의 정확도):  [nan, nan, nan, nan, nan, nan, nan]
train batch instace수가 7안됨 pass
tensor([[0.1686, 0.1131, 0.1334, 0.1180, 0.1512, 0.1127, 0.2029],
        [0.1480, 0.1176, 0.1352, 0.1419, 0.1599, 0.1103, 0.1871],
        [0.1665, 0.1059, 0.1405, 0.1112, 0.1558, 0.1115, 0.2086],
        [0.1719, 0.1064, 0.1288, 0.1217, 0.1509, 0.1107, 0.2097],
        [0.1480, 0.1093, 0.1391, 0.1438, 0.1587, 0.1067, 0.1945],
        [0.1651, 0.1115, 0.1379, 0.1122, 0.1505, 0.1084, 0.2144],
        [0.1649, 0.1115, 0.1356, 0.1103, 0.1564, 0.1159, 0.2055]],
       device='cuda:0')

line 303 => train data수 71
line 258 => 인스턴스 수 11
=======test_loader=======
=======dev_loader=======
=======train_labeled_loader=======
=======finish=======
>>Epoch 31 Step 309 acc_test 0.018443 f1_test 0.005174 acc_val 0.117264 f1_val 0.029988 acc_train 0.140845 f1_train 0.035273 psl_cor 0 psl_totl 0 pslt_global 0.700000  Tim 0:27:44
acc_train_cw(현재 train의 class별 acc) [0.0, 0.0, 0.0, 0.0, 0.0, 0.0, 1.0]
cw_psl_total_eval(이전 pseudo label 클래스별 총 샘플 수):  [0, 0, 0, 0, 0, 0, 0]
cw_psl_correct_eval(이전 pseudo label 클래스별 맞은 샘플 수):  [0, 0, 0, 0, 0, 0, 0]
psl_acc(PSL 평가에서의 정확도): None 
cw_psl_acc(이전 클래스별 PSL 평가에서의 정확도):  [nan, nan, nan, nan, nan, nan, nan]
train batch instace수가 7안됨 pass
tensor([[0.1322, 0.1093, 0.1843, 0.1320, 0.1519, 0.1492, 0.1412],
        [0.1330, 0.1210, 0.1784, 0.1274, 0.1521, 0.1470, 0.1412],
        [0.1298, 0.1127, 0.1793, 0.1236, 0.1487, 0.1545, 0.1514],
        [0.0893, 0.0951, 0.2624, 0.0874, 0.1442, 0.1490, 0.1726],
        [0.1296, 0.1138, 0.1879, 0.1307, 0.1518, 0.1450, 0.1412],
        [0.1368, 0.1046, 0.1813, 0.1344, 0.1523, 0.1462, 0.1445],
        [0.1392, 0.1166, 0.1647, 0.1330, 0.1580, 0.1439, 0.1444]],
       device='cuda:0')

line 303 => train data수 71
line 258 => 인스턴스 수 11
=======test_loader=======
=======dev_loader=======
=======train_labeled_loader=======
=======finish=======
>>Epoch 32 Step 320 acc_test 0.122951 f1_test 0.031283 acc_val 0.228013 f1_val 0.053050 acc_train 0.140845 f1_train 0.035273 psl_cor 0 psl_totl 0 pslt_global 0.700000  Tim 0:28:30
acc_train_cw(현재 train의 class별 acc) [0.0, 0.0, 1.0, 0.0, 0.0, 0.0, 0.0]
cw_psl_total_eval(이전 pseudo label 클래스별 총 샘플 수):  [0, 0, 0, 0, 0, 0, 0]
cw_psl_correct_eval(이전 pseudo label 클래스별 맞은 샘플 수):  [0, 0, 0, 0, 0, 0, 0]
psl_acc(PSL 평가에서의 정확도): None 
cw_psl_acc(이전 클래스별 PSL 평가에서의 정확도):  [nan, nan, nan, nan, nan, nan, nan]
train batch instace수가 7안됨 pass
tensor([[0.1673, 0.1573, 0.1291, 0.1382, 0.1238, 0.1390, 0.1453],
        [0.1683, 0.2304, 0.0916, 0.0984, 0.0792, 0.1272, 0.2049],
        [0.1665, 0.1516, 0.1309, 0.1430, 0.1259, 0.1416, 0.1405],
        [0.1771, 0.1471, 0.1320, 0.1369, 0.1182, 0.1507, 0.1380],
        [0.1754, 0.1469, 0.1333, 0.1443, 0.1212, 0.1438, 0.1351],
        [0.2150, 0.1693, 0.1431, 0.1124, 0.0837, 0.1119, 0.1645],
        [0.1636, 0.1575, 0.1356, 0.1404, 0.1249, 0.1389, 0.1391]],
       device='cuda:0')

line 303 => train data수 71
line 258 => 인스턴스 수 11
=======test_loader=======
=======dev_loader=======
=======train_labeled_loader=======
=======finish=======
>>Epoch 33 Step 331 acc_test 0.077869 f1_test 0.020641 acc_val 0.091205 f1_val 0.023881 acc_train 0.154930 f1_train 0.038328 psl_cor 0 psl_totl 0 pslt_global 0.700000  Tim 0:29:28
acc_train_cw(현재 train의 class별 acc) [1.0, 0.0, 0.0, 0.0, 0.0, 0.0, 0.0]
cw_psl_total_eval(이전 pseudo label 클래스별 총 샘플 수):  [0, 0, 0, 0, 0, 0, 0]
cw_psl_correct_eval(이전 pseudo label 클래스별 맞은 샘플 수):  [0, 0, 0, 0, 0, 0, 0]
psl_acc(PSL 평가에서의 정확도): None 
cw_psl_acc(이전 클래스별 PSL 평가에서의 정확도):  [nan, nan, nan, nan, nan, nan, nan]
train batch instace수가 7안됨 pass
tensor([[0.1894, 0.1532, 0.1429, 0.1336, 0.1529, 0.1175, 0.1105],
        [0.1915, 0.1573, 0.1409, 0.1459, 0.1451, 0.1086, 0.1108],
        [0.1965, 0.1534, 0.1405, 0.1338, 0.1531, 0.1143, 0.1085],
        [0.1819, 0.1465, 0.1292, 0.1639, 0.1623, 0.1182, 0.0981],
        [0.1860, 0.1548, 0.1377, 0.1373, 0.1511, 0.1193, 0.1138],
        [0.1922, 0.1512, 0.1406, 0.1426, 0.1615, 0.1067, 0.1051],
        [0.1671, 0.1435, 0.1359, 0.1653, 0.1675, 0.1213, 0.0993]],
       device='cuda:0')

line 303 => train data수 71
line 258 => 인스턴스 수 11
=======test_loader=======
=======dev_loader=======
=======train_labeled_loader=======
=======finish=======
>>Epoch 34 Step 342 acc_test 0.077869 f1_test 0.020641 acc_val 0.091205 f1_val 0.023881 acc_train 0.154930 f1_train 0.038328 psl_cor 0 psl_totl 0 pslt_global 0.700000  Tim 0:30:27
acc_train_cw(현재 train의 class별 acc) [1.0, 0.0, 0.0, 0.0, 0.0, 0.0, 0.0]
cw_psl_total_eval(이전 pseudo label 클래스별 총 샘플 수):  [0, 0, 0, 0, 0, 0, 0]
cw_psl_correct_eval(이전 pseudo label 클래스별 맞은 샘플 수):  [0, 0, 0, 0, 0, 0, 0]
psl_acc(PSL 평가에서의 정확도): None 
cw_psl_acc(이전 클래스별 PSL 평가에서의 정확도):  [nan, nan, nan, nan, nan, nan, nan]
train batch instace수가 7안됨 pass
tensor([[0.1549, 0.1727, 0.1401, 0.1282, 0.1620, 0.1135, 0.1287],
        [0.1531, 0.1747, 0.1461, 0.1277, 0.1544, 0.1111, 0.1328],
        [0.1589, 0.1613, 0.1519, 0.1333, 0.1620, 0.1140, 0.1187],
        [0.1531, 0.3197, 0.1434, 0.0710, 0.1663, 0.0383, 0.1083],
        [0.1532, 0.1767, 0.1441, 0.1320, 0.1569, 0.1087, 0.1284],
        [0.1483, 0.1433, 0.1403, 0.1551, 0.1713, 0.1248, 0.1170],
        [0.1624, 0.1585, 0.1515, 0.1341, 0.1535, 0.1059, 0.1340]],
       device='cuda:0')

line 303 => train data수 71
line 258 => 인스턴스 수 11
=======test_loader=======
