current work directory:  /home/imsuhan22/few-shot-tc/JointMatch_SSL/codebert/code
java_extended_data
save_name: 10_codebert-base_0.0005_0.9_20_java_extended_data

data_path:  ../data/../data/problem_based_split/java_extended_data

There are 1 GPU(s) available.
We will use the GPU- 0 NVIDIA GeForce RTX 3090

**line 147 모델 =>  microsoft/codebert-base
**tokenizer type =  microsoft/codebert-base 

n_labeled_per_class:  10
train_df samples: 3851
train_labeled_df samples: 70
train_unlabeled_df samples: 3781
n_classes:  7 

net_arch:  microsoft/codebert-base lr:  0.0005

line 303 => train data수 70
line 258 => 인스턴스 수 10
=======test_loader=======
=======dev_loader=======
=======train_labeled_loader=======
=======finish=======
>>Epoch 1 Step 0 acc_test 0.096197 f1_test 0.031173 acc_val 0.089679 f1_val 0.033271 acc_train 0.114286 f1_train 0.032653 psl_cor 0 psl_totl 0 pslt_global 0.000000  Tim 0:00:17
acc_train_cw(현재 train의 class별 acc) [0.8, 0.0, 0.0, 0.0, 0.0, 0.0, 0.0]
cw_psl_total_eval(이전 pseudo label 클래스별 총 샘플 수):  [0, 0, 0, 0, 0, 0, 0]
cw_psl_correct_eval(이전 pseudo label 클래스별 맞은 샘플 수):  [0, 0, 0, 0, 0, 0, 0]
psl_acc(PSL 평가에서의 정확도): None 
cw_psl_acc(이전 클래스별 PSL 평가에서의 정확도):  [nan, nan, nan, nan, nan, nan, nan]
Save model to ./experiment/few_shot/output/
tensor([[0.1057, 0.1303, 0.1235, 0.1019, 0.1662, 0.1544, 0.2180],
        [0.0956, 0.0912, 0.1287, 0.0792, 0.1808, 0.1652, 0.2593],
        [0.1038, 0.1464, 0.1169, 0.1123, 0.1750, 0.1532, 0.1923],
        [0.1026, 0.1477, 0.0946, 0.0989, 0.1626, 0.1574, 0.2363],
        [0.0959, 0.1384, 0.0986, 0.0768, 0.2001, 0.1369, 0.2534],
        [0.1051, 0.1295, 0.1333, 0.1011, 0.1640, 0.1614, 0.2055],
        [0.0920, 0.1424, 0.1273, 0.0955, 0.1748, 0.1524, 0.2155]],
       device='cuda:0')

line 303 => train data수 70
line 258 => 인스턴스 수 10
=======test_loader=======
=======dev_loader=======
=======train_labeled_loader=======
=======finish=======
>>Epoch 2 Step 10 acc_test 0.013423 f1_test 0.003784 acc_val 0.000000 f1_val 0.000000 acc_train 0.142857 f1_train 0.035714 psl_cor 0 psl_totl 0 pslt_global 0.900000  Tim 0:01:08
acc_train_cw(현재 train의 class별 acc) [0.0, 0.0, 0.0, 0.0, 0.0, 0.0, 1.0]
cw_psl_total_eval(이전 pseudo label 클래스별 총 샘플 수):  [0, 0, 0, 0, 0, 0, 0]
cw_psl_correct_eval(이전 pseudo label 클래스별 맞은 샘플 수):  [0, 0, 0, 0, 0, 0, 0]
psl_acc(PSL 평가에서의 정확도): None 
cw_psl_acc(이전 클래스별 PSL 평가에서의 정확도):  [nan, nan, nan, nan, nan, nan, nan]
tensor([[0.1310, 0.1918, 0.1449, 0.1441, 0.1575, 0.1085, 0.1223],
        [0.1513, 0.1797, 0.1450, 0.1390, 0.1394, 0.1016, 0.1440],
        [0.1396, 0.1854, 0.1504, 0.1335, 0.1421, 0.1095, 0.1396],
        [0.1489, 0.1909, 0.1340, 0.1504, 0.1530, 0.0964, 0.1264],
        [0.1549, 0.0614, 0.1709, 0.1268, 0.1325, 0.0207, 0.3328],
        [0.1057, 0.1910, 0.1587, 0.1137, 0.1331, 0.1455, 0.1521],
        [0.1417, 0.0642, 0.2045, 0.1368, 0.1390, 0.0249, 0.2887]],
       device='cuda:0')

line 303 => train data수 70
line 258 => 인스턴스 수 10
=======test_loader=======
=======dev_loader=======
=======train_labeled_loader=======
=======finish=======
>>Epoch 3 Step 20 acc_test 0.060403 f1_test 0.016275 acc_val 0.199662 f1_val 0.066573 acc_train 0.142857 f1_train 0.035714 psl_cor 0 psl_totl 0 pslt_global 0.900000  Tim 0:01:55
acc_train_cw(현재 train의 class별 acc) [0.0, 1.0, 0.0, 0.0, 0.0, 0.0, 0.0]
cw_psl_total_eval(이전 pseudo label 클래스별 총 샘플 수):  [0, 0, 0, 0, 0, 0, 0]
cw_psl_correct_eval(이전 pseudo label 클래스별 맞은 샘플 수):  [0, 0, 0, 0, 0, 0, 0]
psl_acc(PSL 평가에서의 정확도): None 
cw_psl_acc(이전 클래스별 PSL 평가에서의 정확도):  [nan, nan, nan, nan, nan, nan, nan]
Save model to ./experiment/few_shot/output/
tensor([[0.1970, 0.0846, 0.1943, 0.1341, 0.1277, 0.0901, 0.1723],
        [0.1934, 0.0791, 0.1941, 0.1380, 0.1286, 0.1034, 0.1633],
        [0.1971, 0.0755, 0.1951, 0.1118, 0.1434, 0.1095, 0.1677],
        [0.2504, 0.0445, 0.2146, 0.1269, 0.1321, 0.0513, 0.1802],
        [0.2331, 0.0464, 0.1898, 0.1380, 0.1390, 0.0556, 0.1980],
        [0.2015, 0.0813, 0.1943, 0.1269, 0.1364, 0.1072, 0.1525],
        [0.1659, 0.0927, 0.2028, 0.1365, 0.1433, 0.1077, 0.1511]],
       device='cuda:0')

line 303 => train data수 70
line 258 => 인스턴스 수 10
=======test_loader=======
=======dev_loader=======
=======train_labeled_loader=======
=======finish=======
>>Epoch 4 Step 30 acc_test 0.154362 f1_test 0.038206 acc_val 0.211506 f1_val 0.069832 acc_train 0.142857 f1_train 0.035714 psl_cor 0 psl_totl 0 pslt_global 0.900000  Tim 0:02:52
acc_train_cw(현재 train의 class별 acc) [0.0, 0.0, 1.0, 0.0, 0.0, 0.0, 0.0]
cw_psl_total_eval(이전 pseudo label 클래스별 총 샘플 수):  [0, 0, 0, 0, 0, 0, 0]
cw_psl_correct_eval(이전 pseudo label 클래스별 맞은 샘플 수):  [0, 0, 0, 0, 0, 0, 0]
psl_acc(PSL 평가에서의 정확도): None 
cw_psl_acc(이전 클래스별 PSL 평가에서의 정확도):  [nan, nan, nan, nan, nan, nan, nan]
Save model to ./experiment/few_shot/output/
tensor([[0.1206, 0.1591, 0.1669, 0.0969, 0.1706, 0.1265, 0.1594],
        [0.1070, 0.1851, 0.1538, 0.1135, 0.1676, 0.1258, 0.1473],
        [0.1199, 0.1730, 0.1708, 0.0961, 0.1606, 0.1197, 0.1599],
        [0.1132, 0.1656, 0.1880, 0.0802, 0.1596, 0.1391, 0.1544],
        [0.1171, 0.1668, 0.1710, 0.0943, 0.1672, 0.1239, 0.1597],
        [0.1152, 0.1743, 0.1705, 0.0949, 0.1469, 0.1302, 0.1680],
        [0.1211, 0.1793, 0.1749, 0.1063, 0.1512, 0.1192, 0.1482]],
       device='cuda:0')

line 303 => train data수 71
line 258 => 인스턴스 수 11
=======test_loader=======
=======dev_loader=======
=======train_labeled_loader=======
=======finish=======
>>Epoch 5 Step 40 acc_test 0.060403 f1_test 0.016275 acc_val 0.199662 f1_val 0.066573 acc_train 0.140845 f1_train 0.035273 psl_cor 0 psl_totl 1 pslt_global 0.900000  Tim 0:03:48
acc_train_cw(현재 train의 class별 acc) [0.0, 1.0, 0.0, 0.0, 0.0, 0.0, 0.0]
cw_psl_total_eval(이전 pseudo label 클래스별 총 샘플 수):  [0, 0, 0, 1, 0, 0, 0]
cw_psl_correct_eval(이전 pseudo label 클래스별 맞은 샘플 수):  [0, 0, 0, 0, 0, 0, 0]
psl_acc(이전 PSL 평가에서의 정확도):  0.0 
cw_psl_acc(이전 클래스별 PSL 평가에서의 정확도):  [nan, nan, nan, 0.0, nan, nan, nan]
train batch instace수가 7안됨 pass
tensor([[0.1327, 0.1047, 0.1829, 0.1672, 0.1315, 0.1356, 0.1454],
        [0.1182, 0.1235, 0.1821, 0.1305, 0.1399, 0.1674, 0.1383],
        [0.1278, 0.0644, 0.1853, 0.2384, 0.1360, 0.1185, 0.1297],
        [0.1338, 0.1130, 0.1680, 0.1717, 0.1359, 0.1322, 0.1454],
        [0.1187, 0.0595, 0.1980, 0.2213, 0.1524, 0.1174, 0.1327],
        [0.1318, 0.1009, 0.1836, 0.1639, 0.1397, 0.1361, 0.1441],
        [0.0414, 0.3346, 0.0382, 0.2385, 0.0786, 0.2085, 0.0601]],
       device='cuda:0')

line 303 => train data수 71
line 258 => 인스턴스 수 11
=======test_loader=======
=======dev_loader=======
=======train_labeled_loader=======
=======finish=======
>>Epoch 6 Step 51 acc_test 0.154362 f1_test 0.038206 acc_val 0.211506 f1_val 0.069832 acc_train 0.140845 f1_train 0.035273 psl_cor 0 psl_totl 0 pslt_global 0.900000  Tim 0:04:45
acc_train_cw(현재 train의 class별 acc) [0.0, 0.0, 1.0, 0.0, 0.0, 0.0, 0.0]
cw_psl_total_eval(이전 pseudo label 클래스별 총 샘플 수):  [0, 0, 0, 0, 0, 0, 0]
cw_psl_correct_eval(이전 pseudo label 클래스별 맞은 샘플 수):  [0, 0, 0, 0, 0, 0, 0]
psl_acc(PSL 평가에서의 정확도): None 
cw_psl_acc(이전 클래스별 PSL 평가에서의 정확도):  [nan, nan, nan, nan, nan, nan, nan]
train batch instace수가 7안됨 pass
tensor([[0.2117, 0.1628, 0.1174, 0.1216, 0.1103, 0.1352, 0.1410],
        [0.1889, 0.1555, 0.1132, 0.1325, 0.1150, 0.1418, 0.1532],
        [0.2018, 0.1450, 0.1398, 0.0863, 0.1187, 0.1460, 0.1624],
        [0.1909, 0.1650, 0.1165, 0.1325, 0.1058, 0.1474, 0.1419],
        [0.1968, 0.1484, 0.1418, 0.0927, 0.1202, 0.1410, 0.1590],
        [0.1931, 0.1648, 0.1200, 0.1187, 0.1076, 0.1386, 0.1571],
        [0.1984, 0.1367, 0.1583, 0.0920, 0.1259, 0.1372, 0.1516]],
       device='cuda:0')

line 303 => train data수 71
line 258 => 인스턴스 수 11
=======test_loader=======
=======dev_loader=======
=======train_labeled_loader=======
=======finish=======
>>Epoch 7 Step 62 acc_test 0.134228 f1_test 0.033812 acc_val 0.098139 f1_val 0.035747 acc_train 0.140845 f1_train 0.035273 psl_cor 0 psl_totl 0 pslt_global 0.900000  Tim 0:05:37
acc_train_cw(현재 train의 class별 acc) [1.0, 0.0, 0.0, 0.0, 0.0, 0.0, 0.0]
cw_psl_total_eval(이전 pseudo label 클래스별 총 샘플 수):  [0, 0, 0, 0, 0, 0, 0]
cw_psl_correct_eval(이전 pseudo label 클래스별 맞은 샘플 수):  [0, 0, 0, 0, 0, 0, 0]
psl_acc(PSL 평가에서의 정확도): None 
cw_psl_acc(이전 클래스별 PSL 평가에서의 정확도):  [nan, nan, nan, nan, nan, nan, nan]
train batch instace수가 7안됨 pass
tensor([[0.1143, 0.1764, 0.1204, 0.1458, 0.1799, 0.1807, 0.0825],
        [0.1092, 0.1650, 0.1147, 0.1489, 0.1976, 0.1843, 0.0804],
        [0.1126, 0.1820, 0.1202, 0.1520, 0.1777, 0.1737, 0.0817],
        [0.1078, 0.1748, 0.1253, 0.1552, 0.1749, 0.1811, 0.0809],
        [0.1233, 0.1756, 0.1206, 0.1580, 0.1729, 0.1691, 0.0804],
        [0.1127, 0.1724, 0.1218, 0.1544, 0.1717, 0.1819, 0.0850],
        [0.1050, 0.1822, 0.1345, 0.1381, 0.1947, 0.1608, 0.0847]],
       device='cuda:0')

line 303 => train data수 71
line 258 => 인스턴스 수 11
=======test_loader=======
=======dev_loader=======
=======train_labeled_loader=======
=======finish=======
>>Epoch 8 Step 73 acc_test 0.366890 f1_test 0.076689 acc_val 0.000000 f1_val 0.000000 acc_train 0.140845 f1_train 0.035273 psl_cor 0 psl_totl 0 pslt_global 0.900000  Tim 0:06:43
acc_train_cw(현재 train의 class별 acc) [0.0, 0.0, 0.0, 0.0, 0.0, 1.0, 0.0]
cw_psl_total_eval(이전 pseudo label 클래스별 총 샘플 수):  [0, 0, 0, 0, 0, 0, 0]
cw_psl_correct_eval(이전 pseudo label 클래스별 맞은 샘플 수):  [0, 0, 0, 0, 0, 0, 0]
psl_acc(PSL 평가에서의 정확도): None 
cw_psl_acc(이전 클래스별 PSL 평가에서의 정확도):  [nan, nan, nan, nan, nan, nan, nan]
train batch instace수가 7안됨 pass
tensor([[0.0973, 0.1689, 0.1398, 0.1891, 0.1277, 0.1486, 0.1286],
        [0.0950, 0.1608, 0.1306, 0.1969, 0.1318, 0.1477, 0.1373],
        [0.0850, 0.1551, 0.1423, 0.2080, 0.1362, 0.1405, 0.1329],
        [0.0841, 0.1423, 0.1395, 0.2036, 0.1329, 0.1559, 0.1417],
        [0.0872, 0.1533, 0.1292, 0.2114, 0.1274, 0.1487, 0.1427],
        [0.0834, 0.1601, 0.1451, 0.2051, 0.1262, 0.1471, 0.1330],
        [0.0607, 0.0857, 0.2034, 0.1520, 0.0869, 0.1602, 0.2511]],
       device='cuda:0')

line 303 => train data수 71
line 258 => 인스턴스 수 11
=======test_loader=======
=======dev_loader=======
=======train_labeled_loader=======
=======finish=======
>>Epoch 9 Step 84 acc_test 0.042506 f1_test 0.011649 acc_val 0.206430 f1_val 0.068443 acc_train 0.154930 f1_train 0.038328 psl_cor 0 psl_totl 0 pslt_global 0.900000  Tim 0:07:36
acc_train_cw(현재 train의 class별 acc) [0.0, 0.0, 0.0, 1.0, 0.0, 0.0, 0.0]
cw_psl_total_eval(이전 pseudo label 클래스별 총 샘플 수):  [0, 0, 0, 0, 0, 0, 0]
cw_psl_correct_eval(이전 pseudo label 클래스별 맞은 샘플 수):  [0, 0, 0, 0, 0, 0, 0]
psl_acc(PSL 평가에서의 정확도): None 
cw_psl_acc(이전 클래스별 PSL 평가에서의 정확도):  [nan, nan, nan, nan, nan, nan, nan]
train batch instace수가 7안됨 pass
tensor([[0.1437, 0.1185, 0.1295, 0.1706, 0.1379, 0.1510, 0.1489],
        [0.1820, 0.1113, 0.1508, 0.1087, 0.1526, 0.1416, 0.1531],
        [0.1397, 0.1023, 0.1395, 0.1721, 0.1450, 0.1494, 0.1520],
        [0.1385, 0.1064, 0.1360, 0.1693, 0.1512, 0.1471, 0.1515],
        [0.1539, 0.1026, 0.1306, 0.1743, 0.1494, 0.1375, 0.1518],
        [0.1446, 0.1105, 0.1422, 0.1604, 0.1388, 0.1499, 0.1536],
        [0.1465, 0.1031, 0.1313, 0.1794, 0.1538, 0.1367, 0.1491]],
       device='cuda:0')

line 303 => train data수 71
line 258 => 인스턴스 수 11
=======test_loader=======
=======dev_loader=======
=======train_labeled_loader=======
=======finish=======
>>Epoch 10 Step 95 acc_test 0.042506 f1_test 0.011649 acc_val 0.206430 f1_val 0.068443 acc_train 0.154930 f1_train 0.038328 psl_cor 0 psl_totl 0 pslt_global 0.900000  Tim 0:08:39
acc_train_cw(현재 train의 class별 acc) [0.0, 0.0, 0.0, 1.0, 0.0, 0.0, 0.0]
cw_psl_total_eval(이전 pseudo label 클래스별 총 샘플 수):  [0, 0, 0, 0, 0, 0, 0]
cw_psl_correct_eval(이전 pseudo label 클래스별 맞은 샘플 수):  [0, 0, 0, 0, 0, 0, 0]
psl_acc(PSL 평가에서의 정확도): None 
cw_psl_acc(이전 클래스별 PSL 평가에서의 정확도):  [nan, nan, nan, nan, nan, nan, nan]
train batch instace수가 7안됨 pass
tensor([[0.1428, 0.1171, 0.1393, 0.1453, 0.1395, 0.1862, 0.1298],
        [0.1408, 0.1103, 0.1288, 0.1481, 0.1535, 0.1912, 0.1274],
        [0.1337, 0.1216, 0.1323, 0.1461, 0.1337, 0.1948, 0.1380],
        [0.1302, 0.1199, 0.1463, 0.1421, 0.1429, 0.1847, 0.1339],
        [0.1518, 0.1111, 0.1431, 0.1383, 0.1404, 0.1772, 0.1380],
        [0.1270, 0.1160, 0.1447, 0.1396, 0.1367, 0.1988, 0.1372],
        [0.1850, 0.1127, 0.1444, 0.1106, 0.1416, 0.1667, 0.1391]],
       device='cuda:0')

line 303 => train data수 71
line 258 => 인스턴스 수 11
=======test_loader=======
=======dev_loader=======
=======train_labeled_loader=======
=======finish=======
>>Epoch 11 Step 106 acc_test 0.366890 f1_test 0.076689 acc_val 0.000000 f1_val 0.000000 acc_train 0.140845 f1_train 0.035273 psl_cor 0 psl_totl 0 pslt_global 0.900000  Tim 0:09:44
acc_train_cw(현재 train의 class별 acc) [0.0, 0.0, 0.0, 0.0, 0.0, 1.0, 0.0]
cw_psl_total_eval(이전 pseudo label 클래스별 총 샘플 수):  [0, 0, 0, 0, 0, 0, 0]
cw_psl_correct_eval(이전 pseudo label 클래스별 맞은 샘플 수):  [0, 0, 0, 0, 0, 0, 0]
psl_acc(PSL 평가에서의 정확도): None 
cw_psl_acc(이전 클래스별 PSL 평가에서의 정확도):  [nan, nan, nan, nan, nan, nan, nan]
train batch instace수가 7안됨 pass
tensor([[0.1075, 0.1227, 0.1782, 0.1559, 0.0867, 0.1333, 0.2157],
        [0.1355, 0.1242, 0.1602, 0.1537, 0.0856, 0.1309, 0.2098],
        [0.0751, 0.1007, 0.2280, 0.1172, 0.0437, 0.1460, 0.2893],
        [0.1296, 0.1322, 0.1606, 0.1468, 0.0997, 0.1308, 0.2003],
        [0.1187, 0.1443, 0.1565, 0.1478, 0.0942, 0.1421, 0.1963],
        [0.1102, 0.1225, 0.1731, 0.1423, 0.0859, 0.1388, 0.2272],
        [0.1232, 0.1270, 0.1588, 0.1504, 0.0876, 0.1329, 0.2202]],
       device='cuda:0')

line 303 => train data수 75
line 258 => 인스턴스 수 11
=======test_loader=======
=======dev_loader=======
=======train_labeled_loader=======
=======finish=======
>>Epoch 12 Step 117 acc_test 0.013423 f1_test 0.003784 acc_val 0.000000 f1_val 0.000000 acc_train 0.133333 f1_train 0.033613 psl_cor 0 psl_totl 4 pslt_global 0.900000  Tim 0:10:37
acc_train_cw(현재 train의 class별 acc) [0.0, 0.0, 0.0, 0.0, 0.0, 0.0, 1.0]
cw_psl_total_eval(이전 pseudo label 클래스별 총 샘플 수):  [0, 0, 0, 0, 4, 0, 0]
cw_psl_correct_eval(이전 pseudo label 클래스별 맞은 샘플 수):  [0, 0, 0, 0, 0, 0, 0]
psl_acc(이전 PSL 평가에서의 정확도):  0.0 
cw_psl_acc(이전 클래스별 PSL 평가에서의 정확도):  [nan, nan, nan, nan, 0.0, nan, nan]
train batch instace수가 7안됨 pass
tensor([[0.0575, 0.1921, 0.2370, 0.1490, 0.1961, 0.1222, 0.0460],
        [0.1220, 0.1462, 0.1753, 0.1555, 0.1801, 0.1308, 0.0901],
        [0.1143, 0.1627, 0.1571, 0.1550, 0.1871, 0.1329, 0.0908],
        [0.1125, 0.1613, 0.1600, 0.1540, 0.1892, 0.1321, 0.0909],
        [0.1075, 0.1516, 0.1711, 0.1572, 0.1809, 0.1365, 0.0952],
        [0.1211, 0.1497, 0.1698, 0.1552, 0.1762, 0.1296, 0.0984],
        [0.1203, 0.1612, 0.1716, 0.1476, 0.1684, 0.1357, 0.0952]],
       device='cuda:0')

line 303 => train data수 75
line 258 => 인스턴스 수 11
=======test_loader=======
=======dev_loader=======
=======train_labeled_loader=======
=======finish=======
>>Epoch 13 Step 128 acc_test 0.228188 f1_test 0.053084 acc_val 0.284264 f1_val 0.088538 acc_train 0.186667 f1_train 0.044944 psl_cor 0 psl_totl 0 pslt_global 0.900000  Tim 0:11:43
acc_train_cw(현재 train의 class별 acc) [0.0, 0.0, 0.0, 0.0, 1.0, 0.0, 0.0]
cw_psl_total_eval(이전 pseudo label 클래스별 총 샘플 수):  [0, 0, 0, 0, 0, 0, 0]
cw_psl_correct_eval(이전 pseudo label 클래스별 맞은 샘플 수):  [0, 0, 0, 0, 0, 0, 0]
psl_acc(PSL 평가에서의 정확도): None 
cw_psl_acc(이전 클래스별 PSL 평가에서의 정확도):  [nan, nan, nan, nan, nan, nan, nan]
Save model to ./experiment/few_shot/output/
train batch instace수가 7안됨 pass
tensor([[0.1666, 0.1619, 0.1005, 0.1507, 0.1543, 0.1147, 0.1513],
        [0.1269, 0.1880, 0.1266, 0.1887, 0.1452, 0.0855, 0.1392],
        [0.1710, 0.1549, 0.1074, 0.1493, 0.1555, 0.1215, 0.1406],
        [0.1829, 0.1632, 0.0971, 0.1446, 0.1494, 0.1120, 0.1507],
        [0.1829, 0.1578, 0.1095, 0.1344, 0.1620, 0.1084, 0.1450],
        [0.1751, 0.1575, 0.1021, 0.1514, 0.1639, 0.1093, 0.1407],
        [0.1321, 0.1624, 0.1466, 0.1916, 0.1412, 0.1026, 0.1237]],
       device='cuda:0')

line 303 => train data수 75
line 258 => 인스턴스 수 11
=======test_loader=======
=======dev_loader=======
=======train_labeled_loader=======
=======finish=======
>>Epoch 14 Step 139 acc_test 0.134228 f1_test 0.033812 acc_val 0.098139 f1_val 0.035747 acc_train 0.133333 f1_train 0.033613 psl_cor 0 psl_totl 0 pslt_global 0.900000  Tim 0:12:42
acc_train_cw(현재 train의 class별 acc) [1.0, 0.0, 0.0, 0.0, 0.0, 0.0, 0.0]
cw_psl_total_eval(이전 pseudo label 클래스별 총 샘플 수):  [0, 0, 0, 0, 0, 0, 0]
cw_psl_correct_eval(이전 pseudo label 클래스별 맞은 샘플 수):  [0, 0, 0, 0, 0, 0, 0]
psl_acc(PSL 평가에서의 정확도): None 
cw_psl_acc(이전 클래스별 PSL 평가에서의 정확도):  [nan, nan, nan, nan, nan, nan, nan]
train batch instace수가 7안됨 pass
tensor([[0.0881, 0.0922, 0.2012, 0.1217, 0.1576, 0.2036, 0.1357],
        [0.1316, 0.1150, 0.1545, 0.1446, 0.1624, 0.1513, 0.1405],
        [0.1350, 0.0962, 0.1619, 0.1437, 0.1626, 0.1580, 0.1426],
        [0.1231, 0.1066, 0.1661, 0.1509, 0.1582, 0.1624, 0.1328],
        [0.1465, 0.0947, 0.1625, 0.1382, 0.1581, 0.1597, 0.1403],
        [0.1214, 0.1161, 0.1539, 0.1514, 0.1535, 0.1596, 0.1442],
        [0.1181, 0.1106, 0.1557, 0.1450, 0.1591, 0.1778, 0.1336]],
       device='cuda:0')

line 303 => train data수 75
line 258 => 인스턴스 수 11
=======test_loader=======
=======dev_loader=======
=======train_labeled_loader=======
=======finish=======
>>Epoch 15 Step 150 acc_test 0.154362 f1_test 0.038206 acc_val 0.211506 f1_val 0.069832 acc_train 0.133333 f1_train 0.033613 psl_cor 0 psl_totl 0 pslt_global 0.900000  Tim 0:13:45
acc_train_cw(현재 train의 class별 acc) [0.0, 0.0, 1.0, 0.0, 0.0, 0.0, 0.0]
cw_psl_total_eval(이전 pseudo label 클래스별 총 샘플 수):  [0, 0, 0, 0, 0, 0, 0]
cw_psl_correct_eval(이전 pseudo label 클래스별 맞은 샘플 수):  [0, 0, 0, 0, 0, 0, 0]
psl_acc(PSL 평가에서의 정확도): None 
cw_psl_acc(이전 클래스별 PSL 평가에서의 정확도):  [nan, nan, nan, nan, nan, nan, nan]
train batch instace수가 7안됨 pass
tensor([[0.1430, 0.1010, 0.1466, 0.1729, 0.2136, 0.1016, 0.1213],
        [0.1315, 0.1099, 0.1431, 0.1803, 0.2056, 0.1060, 0.1236],
        [0.1429, 0.1029, 0.1471, 0.1716, 0.2007, 0.1132, 0.1216],
        [0.1393, 0.1017, 0.1418, 0.1732, 0.2087, 0.1142, 0.1210],
        [0.1399, 0.1006, 0.1479, 0.1740, 0.2173, 0.1025, 0.1178],
        [0.1343, 0.1025, 0.1434, 0.1812, 0.2107, 0.1119, 0.1160],
        [0.1294, 0.1001, 0.1470, 0.1851, 0.2229, 0.1056, 0.1098]],
       device='cuda:0')

line 303 => train data수 151
line 258 => 인스턴스 수 22
=======test_loader=======
=======dev_loader=======
=======train_labeled_loader=======
=======finish=======
>>Epoch 16 Step 161 acc_test 0.228188 f1_test 0.053084 acc_val 0.284264 f1_val 0.088538 acc_train 0.092715 f1_train 0.024242 psl_cor 10 psl_totl 76 pslt_global 0.900000  Tim 0:14:51
acc_train_cw(현재 train의 class별 acc) [0.0, 0.0, 0.0, 0.0, 1.0, 0.0, 0.0]
cw_psl_total_eval(이전 pseudo label 클래스별 총 샘플 수):  [0, 76, 0, 0, 0, 0, 0]
cw_psl_correct_eval(이전 pseudo label 클래스별 맞은 샘플 수):  [0, 10, 0, 0, 0, 0, 0]
psl_acc(이전 PSL 평가에서의 정확도):  0.132 
cw_psl_acc(이전 클래스별 PSL 평가에서의 정확도):  [nan, 0.1315789520740509, nan, nan, nan, nan, nan]
train batch instace수가 7안됨 pass
tensor([[0.0797, 0.3855, 0.0561, 0.1034, 0.1669, 0.1195, 0.0888],
        [0.0847, 0.4040, 0.0603, 0.0921, 0.1592, 0.1140, 0.0856],
        [0.0829, 0.4075, 0.0553, 0.0959, 0.1726, 0.1066, 0.0793],
        [0.0895, 0.3663, 0.0591, 0.0997, 0.1794, 0.1092, 0.0968],
        [0.1312, 0.1969, 0.0659, 0.1222, 0.2286, 0.1455, 0.1096],
        [0.0810, 0.3771, 0.0524, 0.0989, 0.1845, 0.1225, 0.0835],
        [0.0904, 0.3869, 0.0586, 0.0939, 0.1733, 0.0996, 0.0973]],
       device='cuda:0')

line 303 => train data수 151
line 258 => 인스턴스 수 22
=======test_loader=======
=======dev_loader=======
=======train_labeled_loader=======
=======finish=======
>>Epoch 17 Step 183 acc_test 0.060403 f1_test 0.016275 acc_val 0.199662 f1_val 0.066573 acc_train 0.569536 f1_train 0.103677 psl_cor 0 psl_totl 0 pslt_global 0.900000  Tim 0:15:46
acc_train_cw(현재 train의 class별 acc) [0.0, 1.0, 0.0, 0.0, 0.0, 0.0, 0.0]
cw_psl_total_eval(이전 pseudo label 클래스별 총 샘플 수):  [0, 0, 0, 0, 0, 0, 0]
cw_psl_correct_eval(이전 pseudo label 클래스별 맞은 샘플 수):  [0, 0, 0, 0, 0, 0, 0]
psl_acc(PSL 평가에서의 정확도): None 
cw_psl_acc(이전 클래스별 PSL 평가에서의 정확도):  [nan, nan, nan, nan, nan, nan, nan]
train batch instace수가 7안됨 pass
tensor([[0.0397, 0.6366, 0.0784, 0.0669, 0.1059, 0.0390, 0.0335],
        [0.0520, 0.5132, 0.0556, 0.1973, 0.0934, 0.0440, 0.0445],
        [0.0383, 0.6247, 0.0734, 0.0714, 0.1095, 0.0436, 0.0392],
        [0.0422, 0.6380, 0.0722, 0.0712, 0.0993, 0.0410, 0.0362],
        [0.0397, 0.6176, 0.0792, 0.0774, 0.1042, 0.0432, 0.0386],
        [0.0609, 0.5252, 0.0842, 0.0921, 0.1282, 0.0580, 0.0515],
        [0.0386, 0.6219, 0.0696, 0.0767, 0.0987, 0.0508, 0.0438]],
       device='cuda:0')

line 303 => train data수 169
line 258 => 인스턴스 수 25
=======test_loader=======
=======dev_loader=======
=======train_labeled_loader=======
=======finish=======
>>Epoch 18 Step 205 acc_test 0.060403 f1_test 0.016275 acc_val 0.199662 f1_val 0.066573 acc_train 0.615385 f1_train 0.108844 psl_cor 7 psl_totl 18 pslt_global 0.900000  Tim 0:16:56
acc_train_cw(현재 train의 class별 acc) [0.0, 1.0, 0.0, 0.0, 0.0, 0.0, 0.0]
cw_psl_total_eval(이전 pseudo label 클래스별 총 샘플 수):  [0, 18, 0, 0, 0, 0, 0]
cw_psl_correct_eval(이전 pseudo label 클래스별 맞은 샘플 수):  [0, 7, 0, 0, 0, 0, 0]
psl_acc(이전 PSL 평가에서의 정확도):  0.389 
cw_psl_acc(이전 클래스별 PSL 평가에서의 정확도):  [nan, 0.3888888955116272, nan, nan, nan, nan, nan]
train batch instace수가 7안됨 pass
tensor([[0.0498, 0.6017, 0.0599, 0.0470, 0.0862, 0.0839, 0.0716],
        [0.0112, 0.8340, 0.0287, 0.0102, 0.0520, 0.0368, 0.0270],
        [0.0450, 0.6248, 0.0502, 0.0407, 0.0978, 0.0763, 0.0653],
        [0.0721, 0.4988, 0.0690, 0.0572, 0.1131, 0.1000, 0.0899],
        [0.0443, 0.6399, 0.0577, 0.0402, 0.0861, 0.0725, 0.0593],
        [0.0597, 0.5323, 0.0610, 0.0553, 0.1151, 0.0902, 0.0862],
        [0.0375, 0.6564, 0.0476, 0.0384, 0.0829, 0.0781, 0.0591]],
       device='cuda:0')

line 303 => train data수 173
line 258 => 인스턴스 수 25
=======test_loader=======
=======dev_loader=======
=======train_labeled_loader=======
=======finish=======
>>Epoch 19 Step 230 acc_test 0.060403 f1_test 0.016275 acc_val 0.199662 f1_val 0.066573 acc_train 0.624277 f1_train 0.109812 psl_cor 1 psl_totl 4 pslt_global 0.900000  Tim 0:17:54
acc_train_cw(현재 train의 class별 acc) [0.0, 1.0, 0.0, 0.0, 0.0, 0.0, 0.0]
cw_psl_total_eval(이전 pseudo label 클래스별 총 샘플 수):  [0, 4, 0, 0, 0, 0, 0]
cw_psl_correct_eval(이전 pseudo label 클래스별 맞은 샘플 수):  [0, 1, 0, 0, 0, 0, 0]
psl_acc(이전 PSL 평가에서의 정확도):  0.25 
cw_psl_acc(이전 클래스별 PSL 평가에서의 정확도):  [nan, 0.25, nan, nan, nan, nan, nan]
train batch instace수가 7안됨 pass
tensor([[0.0291, 0.8449, 0.0181, 0.0687, 0.0143, 0.0167, 0.0081],
        [0.0599, 0.6267, 0.0735, 0.0790, 0.0629, 0.0423, 0.0557],
        [0.0504, 0.6839, 0.0636, 0.0653, 0.0548, 0.0381, 0.0439],
        [0.0601, 0.6360, 0.0654, 0.0745, 0.0636, 0.0468, 0.0536],
        [0.0494, 0.6770, 0.0632, 0.0652, 0.0554, 0.0449, 0.0449],
        [0.0363, 0.8372, 0.0147, 0.0698, 0.0139, 0.0192, 0.0088],
        [0.0531, 0.6470, 0.0698, 0.0742, 0.0610, 0.0475, 0.0474]],
       device='cuda:0')

line 303 => train data수 189
line 258 => 인스턴스 수 27
=======test_loader=======
=======dev_loader=======
=======train_labeled_loader=======
=======finish=======
>>Epoch 20 Step 255 acc_test 0.060403 f1_test 0.016275 acc_val 0.199662 f1_val 0.066573 acc_train 0.656085 f1_train 0.113190 psl_cor 2 psl_totl 18 pslt_global 0.900000  Tim 0:19:00
acc_train_cw(현재 train의 class별 acc) [0.0, 1.0, 0.0, 0.0, 0.0, 0.0, 0.0]
cw_psl_total_eval(이전 pseudo label 클래스별 총 샘플 수):  [0, 18, 0, 0, 0, 0, 0]
cw_psl_correct_eval(이전 pseudo label 클래스별 맞은 샘플 수):  [0, 2, 0, 0, 0, 0, 0]
psl_acc(이전 PSL 평가에서의 정확도):  0.111 
cw_psl_acc(이전 클래스별 PSL 평가에서의 정확도):  [nan, 0.1111111119389534, nan, nan, nan, nan, nan]
tensor([[0.0735, 0.6417, 0.0442, 0.0531, 0.0801, 0.0382, 0.0692],
        [0.0424, 0.7096, 0.0386, 0.0512, 0.0650, 0.0386, 0.0546],
        [0.0488, 0.6925, 0.0446, 0.0455, 0.0655, 0.0466, 0.0565],
        [0.0486, 0.6891, 0.0457, 0.0476, 0.0657, 0.0433, 0.0600],
        [0.0418, 0.6715, 0.0350, 0.0551, 0.0714, 0.0446, 0.0805],
        [0.0553, 0.6653, 0.0435, 0.0462, 0.0808, 0.0461, 0.0628],
        [0.0639, 0.6696, 0.0338, 0.0528, 0.0699, 0.0379, 0.0720]],
       device='cuda:0')

line 303 => train data수 228
line 258 => 인스턴스 수 33
=======test_loader=======
=======dev_loader=======
=======train_labeled_loader=======
=======finish=======
>>Epoch 21 Step 282 acc_test 0.060403 f1_test 0.016275 acc_val 0.199662 f1_val 0.066573 acc_train 0.714912 f1_train 0.119109 psl_cor 2 psl_totl 41 pslt_global 0.900000  Tim 0:20:09
acc_train_cw(현재 train의 class별 acc) [0.0, 1.0, 0.0, 0.0, 0.0, 0.0, 0.0]
cw_psl_total_eval(이전 pseudo label 클래스별 총 샘플 수):  [0, 41, 0, 0, 0, 0, 0]
cw_psl_correct_eval(이전 pseudo label 클래스별 맞은 샘플 수):  [0, 2, 0, 0, 0, 0, 0]
psl_acc(이전 PSL 평가에서의 정확도):  0.049 
cw_psl_acc(이전 클래스별 PSL 평가에서의 정확도):  [nan, 0.04878048598766327, nan, nan, nan, nan, nan]
train batch instace수가 7안됨 pass
tensor([[0.0488, 0.6173, 0.0846, 0.0559, 0.0596, 0.0821, 0.0518],
        [0.0433, 0.6468, 0.0898, 0.0462, 0.0556, 0.0708, 0.0475],
        [0.0822, 0.5613, 0.0850, 0.0579, 0.0686, 0.0867, 0.0583],
        [0.0405, 0.6517, 0.0797, 0.0458, 0.0521, 0.0831, 0.0472],
        [0.0675, 0.6159, 0.0722, 0.0509, 0.0650, 0.0749, 0.0536],
        [0.0508, 0.5888, 0.1036, 0.0607, 0.0622, 0.0804, 0.0535],
        [0.0488, 0.6540, 0.0821, 0.0435, 0.0498, 0.0736, 0.0482]],
       device='cuda:0')

line 303 => train data수 228
line 258 => 인스턴스 수 33
=======test_loader=======
=======dev_loader=======
=======train_labeled_loader=======
=======finish=======
>>Epoch 22 Step 315 acc_test 0.060403 f1_test 0.016275 acc_val 0.199662 f1_val 0.066573 acc_train 0.714912 f1_train 0.119109 psl_cor 0 psl_totl 0 pslt_global 0.900000  Tim 0:21:09
acc_train_cw(현재 train의 class별 acc) [0.0, 1.0, 0.0, 0.0, 0.0, 0.0, 0.0]
cw_psl_total_eval(이전 pseudo label 클래스별 총 샘플 수):  [0, 0, 0, 0, 0, 0, 0]
cw_psl_correct_eval(이전 pseudo label 클래스별 맞은 샘플 수):  [0, 0, 0, 0, 0, 0, 0]
psl_acc(PSL 평가에서의 정확도): None 
cw_psl_acc(이전 클래스별 PSL 평가에서의 정확도):  [nan, nan, nan, nan, nan, nan, nan]
train batch instace수가 7안됨 pass
tensor([[0.0493, 0.7310, 0.0420, 0.0347, 0.0586, 0.0419, 0.0425],
        [0.0473, 0.7200, 0.0512, 0.0349, 0.0683, 0.0389, 0.0394],
        [0.0444, 0.7548, 0.0385, 0.0292, 0.0622, 0.0359, 0.0351],
        [0.0418, 0.7754, 0.0365, 0.0282, 0.0551, 0.0331, 0.0298],
        [0.0544, 0.7364, 0.0439, 0.0370, 0.0588, 0.0348, 0.0347],
        [0.0526, 0.7281, 0.0505, 0.0316, 0.0636, 0.0366, 0.0371],
        [0.0488, 0.7511, 0.0427, 0.0339, 0.0541, 0.0333, 0.0361]],
       device='cuda:0')

line 303 => train data수 245
line 258 => 인스턴스 수 35
=======test_loader=======
=======dev_loader=======
=======train_labeled_loader=======
=======finish=======
>>Epoch 23 Step 348 acc_test 0.060403 f1_test 0.016275 acc_val 0.199662 f1_val 0.066573 acc_train 0.734694 f1_train 0.121008 psl_cor 1 psl_totl 17 pslt_global 0.900000  Tim 0:22:21
acc_train_cw(현재 train의 class별 acc) [0.0, 1.0, 0.0, 0.0, 0.0, 0.0, 0.0]
cw_psl_total_eval(이전 pseudo label 클래스별 총 샘플 수):  [0, 17, 0, 0, 0, 0, 0]
cw_psl_correct_eval(이전 pseudo label 클래스별 맞은 샘플 수):  [0, 1, 0, 0, 0, 0, 0]
psl_acc(이전 PSL 평가에서의 정확도):  0.059 
cw_psl_acc(이전 클래스별 PSL 평가에서의 정확도):  [nan, 0.05882352963089943, nan, nan, nan, nan, nan]
tensor([[0.0340, 0.7620, 0.0415, 0.0399, 0.0399, 0.0366, 0.0460],
        [0.0348, 0.7290, 0.0457, 0.0484, 0.0533, 0.0382, 0.0506],
        [0.0354, 0.7728, 0.0333, 0.0423, 0.0399, 0.0325, 0.0439],
        [0.0337, 0.7555, 0.0348, 0.0434, 0.0444, 0.0363, 0.0520],
        [0.0366, 0.7233, 0.0444, 0.0519, 0.0569, 0.0392, 0.0477],
        [0.0348, 0.7448, 0.0421, 0.0459, 0.0473, 0.0362, 0.0490],
        [0.0221, 0.8049, 0.0270, 0.0272, 0.0529, 0.0287, 0.0372]],
       device='cuda:0')

line 303 => train data수 318
line 258 => 인스턴스 수 46
=======test_loader=======
=======dev_loader=======
=======train_labeled_loader=======
=======finish=======
>>Epoch 24 Step 383 acc_test 0.060403 f1_test 0.016275 acc_val 0.199662 f1_val 0.066573 acc_train 0.795597 f1_train 0.126595 psl_cor 13 psl_totl 74 pslt_global 0.900000  Tim 0:23:20
acc_train_cw(현재 train의 class별 acc) [0.0, 1.0, 0.0, 0.0, 0.0, 0.0, 0.0]
cw_psl_total_eval(이전 pseudo label 클래스별 총 샘플 수):  [0, 74, 0, 0, 0, 0, 0]
cw_psl_correct_eval(이전 pseudo label 클래스별 맞은 샘플 수):  [0, 13, 0, 0, 0, 0, 0]
psl_acc(이전 PSL 평가에서의 정확도):  0.176 
cw_psl_acc(이전 클래스별 PSL 평가에서의 정확도):  [nan, 0.1756756752729416, nan, nan, nan, nan, nan]
train batch instace수가 7안됨 pass
tensor([[0.0281, 0.7562, 0.0575, 0.0412, 0.0416, 0.0366, 0.0388],
        [0.0276, 0.7828, 0.0435, 0.0384, 0.0376, 0.0328, 0.0374],
        [0.0358, 0.7279, 0.0656, 0.0423, 0.0438, 0.0365, 0.0482],
        [0.0380, 0.7448, 0.0584, 0.0409, 0.0443, 0.0324, 0.0412],
        [0.0343, 0.7419, 0.0608, 0.0395, 0.0437, 0.0360, 0.0438],
        [0.0356, 0.7556, 0.0570, 0.0392, 0.0440, 0.0314, 0.0372],
        [0.0346, 0.7545, 0.0531, 0.0394, 0.0437, 0.0308, 0.0438]],
       device='cuda:0')

line 303 => train data수 355
line 258 => 인스턴스 수 51
=======test_loader=======
=======dev_loader=======
=======train_labeled_loader=======
=======finish=======
>>Epoch 25 Step 429 acc_test 0.060403 f1_test 0.016275 acc_val 0.199662 f1_val 0.066573 acc_train 0.816901 f1_train 0.128461 psl_cor 6 psl_totl 43 pslt_global 0.900000  Tim 0:24:34
acc_train_cw(현재 train의 class별 acc) [0.0, 1.0, 0.0, 0.0, 0.0, 0.0, 0.0]
cw_psl_total_eval(이전 pseudo label 클래스별 총 샘플 수):  [0, 43, 0, 0, 0, 0, 0]
cw_psl_correct_eval(이전 pseudo label 클래스별 맞은 샘플 수):  [0, 6, 0, 0, 0, 0, 0]
psl_acc(이전 PSL 평가에서의 정확도):  0.14 
cw_psl_acc(이전 클래스별 PSL 평가에서의 정확도):  [nan, 0.13953489065170288, nan, nan, nan, nan, nan]
train batch instace수가 7안됨 pass
tensor([[0.0274, 0.7226, 0.0398, 0.0563, 0.0509, 0.0350, 0.0679],
        [0.0209, 0.7573, 0.0370, 0.0476, 0.0572, 0.0309, 0.0491],
        [0.0315, 0.6981, 0.0500, 0.0501, 0.0662, 0.0439, 0.0603],
        [0.0272, 0.7025, 0.0460, 0.0571, 0.0697, 0.0383, 0.0593],
        [0.0301, 0.5840, 0.0745, 0.0611, 0.1124, 0.0543, 0.0837],
        [0.0293, 0.6366, 0.0779, 0.0537, 0.0987, 0.0361, 0.0677],
        [0.0305, 0.6784, 0.0540, 0.0605, 0.0697, 0.0403, 0.0666]],
       device='cuda:0')

line 303 => train data수 355
line 258 => 인스턴스 수 51
=======test_loader=======
=======dev_loader=======
=======train_labeled_loader=======
=======finish=======
>>Epoch 26 Step 480 acc_test 0.060403 f1_test 0.016275 acc_val 0.199662 f1_val 0.066573 acc_train 0.816901 f1_train 0.128461 psl_cor 0 psl_totl 0 pslt_global 0.900000  Tim 0:25:42
acc_train_cw(현재 train의 class별 acc) [0.0, 1.0, 0.0, 0.0, 0.0, 0.0, 0.0]
cw_psl_total_eval(이전 pseudo label 클래스별 총 샘플 수):  [0, 0, 0, 0, 0, 0, 0]
cw_psl_correct_eval(이전 pseudo label 클래스별 맞은 샘플 수):  [0, 0, 0, 0, 0, 0, 0]
psl_acc(PSL 평가에서의 정확도): None 
cw_psl_acc(이전 클래스별 PSL 평가에서의 정확도):  [nan, nan, nan, nan, nan, nan, nan]
train batch instace수가 7안됨 pass
tensor([[0.0195, 0.9270, 0.0123, 0.0055, 0.0287, 0.0027, 0.0043],
        [0.0230, 0.9101, 0.0135, 0.0136, 0.0241, 0.0060, 0.0098],
        [0.0264, 0.8921, 0.0159, 0.0182, 0.0244, 0.0090, 0.0139],
        [0.0290, 0.8938, 0.0158, 0.0147, 0.0263, 0.0081, 0.0122],
        [0.0117, 0.9465, 0.0081, 0.0147, 0.0112, 0.0015, 0.0063],
        [0.0192, 0.9251, 0.0128, 0.0117, 0.0191, 0.0047, 0.0074],
        [0.0234, 0.8774, 0.0165, 0.0291, 0.0261, 0.0096, 0.0179]],
       device='cuda:0')

line 303 => train data수 2277
line 258 => 인스턴스 수 326
=======test_loader=======
=======dev_loader=======
=======train_labeled_loader=======
=======finish=======
>>Epoch 27 Step 531 acc_test 0.060403 f1_test 0.016275 acc_val 0.199662 f1_val 0.066573 acc_train 0.973210 f1_train 0.140918 psl_cor 294 psl_totl 2086 pslt_global 0.900000  Tim 0:27:16
acc_train_cw(현재 train의 class별 acc) [0.0, 1.0, 0.0, 0.0, 0.0, 0.0, 0.0]
cw_psl_total_eval(이전 pseudo label 클래스별 총 샘플 수):  [0, 2086, 0, 0, 0, 0, 0]
cw_psl_correct_eval(이전 pseudo label 클래스별 맞은 샘플 수):  [0, 294, 0, 0, 0, 0, 0]
psl_acc(이전 PSL 평가에서의 정확도):  0.141 
cw_psl_acc(이전 클래스별 PSL 평가에서의 정확도):  [nan, 0.1409395933151245, nan, nan, nan, nan, nan]
train batch instace수가 7안됨 pass
tensor([[0.0044, 0.9695, 0.0036, 0.0121, 0.0029, 0.0033, 0.0043],
        [0.0025, 0.9856, 0.0020, 0.0051, 0.0016, 0.0018, 0.0014],
        [0.0033, 0.9785, 0.0020, 0.0092, 0.0022, 0.0025, 0.0023],
        [0.0040, 0.9749, 0.0034, 0.0100, 0.0025, 0.0028, 0.0023],
        [0.0024, 0.9846, 0.0020, 0.0062, 0.0015, 0.0017, 0.0015],
        [0.0038, 0.9806, 0.0026, 0.0068, 0.0021, 0.0024, 0.0018],
        [0.0034, 0.9829, 0.0022, 0.0058, 0.0020, 0.0021, 0.0016]],
       device='cuda:0')
**bs에 맞지않음!!!!!**


line 303 => train data수 3839
line 258 => 인스턴스 수 549
=======test_loader=======
=======dev_loader=======
=======train_labeled_loader=======
=======finish=======
>>Epoch 28 Step 857 acc_test 0.060403 f1_test 0.016275 acc_val 0.199662 f1_val 0.066573 acc_train 0.984371 f1_train 0.141732 psl_cor 545 psl_totl 3781 pslt_global 0.900000  Tim 0:29:42
acc_train_cw(현재 train의 class별 acc) [0.0, 1.0, 0.0, 0.0, 0.0, 0.0, 0.0]
cw_psl_total_eval(이전 pseudo label 클래스별 총 샘플 수):  [0, 3781, 0, 0, 0, 0, 0]
cw_psl_correct_eval(이전 pseudo label 클래스별 맞은 샘플 수):  [0, 545, 0, 0, 0, 0, 0]
psl_acc(이전 PSL 평가에서의 정확도):  0.144 
cw_psl_acc(이전 클래스별 PSL 평가에서의 정확도):  [nan, 0.1441417634487152, nan, nan, nan, nan, nan]
train batch instace수가 7안됨 pass
tensor([[9.9100e-04, 9.8446e-01, 1.5836e-03, 1.3920e-03, 7.1925e-03, 3.3901e-03,
         9.9508e-04],
        [8.7867e-04, 9.8714e-01, 1.1829e-03, 1.0489e-03, 6.0621e-03, 2.7495e-03,
         9.4129e-04],
        [8.9382e-04, 9.8687e-01, 1.2854e-03, 1.3589e-03, 6.0792e-03, 2.3980e-03,
         1.1181e-03],
        [9.9625e-04, 9.8839e-01, 1.2299e-03, 1.0726e-03, 4.7629e-03, 2.7337e-03,
         8.1952e-04],
        [1.0404e-03, 9.8717e-01, 1.5426e-03, 1.0546e-03, 5.7150e-03, 2.5694e-03,
         9.1029e-04],
        [1.1208e-03, 9.8211e-01, 1.7416e-03, 1.2079e-03, 8.9835e-03, 3.4889e-03,
         1.3453e-03],
        [3.9275e-04, 9.8636e-01, 1.0205e-03, 3.5932e-04, 8.9238e-03, 2.5078e-03,
         4.3918e-04]], device='cuda:0')
**bs에 맞지않음!!!!!**


line 303 => train data수 3839
line 258 => 인스턴스 수 549
=======test_loader=======
=======dev_loader=======
=======train_labeled_loader=======
=======finish=======
>>Epoch 29 Step 1406 acc_test 0.060403 f1_test 0.016275 acc_val 0.199662 f1_val 0.066573 acc_train 0.984371 f1_train 0.141732 psl_cor 545 psl_totl 3781 pslt_global 0.900000  Tim 0:32:52
acc_train_cw(현재 train의 class별 acc) [0.0, 1.0, 0.0, 0.0, 0.0, 0.0, 0.0]
cw_psl_total_eval(이전 pseudo label 클래스별 총 샘플 수):  [0, 3781, 0, 0, 0, 0, 0]
cw_psl_correct_eval(이전 pseudo label 클래스별 맞은 샘플 수):  [0, 545, 0, 0, 0, 0, 0]
psl_acc(이전 PSL 평가에서의 정확도):  0.144 
cw_psl_acc(이전 클래스별 PSL 평가에서의 정확도):  [nan, 0.1441417634487152, nan, nan, nan, nan, nan]
train batch instace수가 7안됨 pass
tensor([[2.1972e-03, 9.9197e-01, 1.6209e-03, 8.9525e-04, 6.5690e-04, 1.7209e-03,
         9.4221e-04],
        [2.2424e-03, 9.9208e-01, 1.5020e-03, 8.5274e-04, 6.3804e-04, 1.7665e-03,
         9.1358e-04],
        [1.7189e-03, 9.9309e-01, 1.5223e-03, 8.7260e-04, 4.3145e-04, 1.6499e-03,
         7.1343e-04],
        [1.9035e-03, 9.9337e-01, 1.1904e-03, 8.4483e-04, 5.7289e-04, 1.2457e-03,
         8.7356e-04],
        [1.6480e-03, 9.9385e-01, 1.4143e-03, 7.1269e-04, 4.6080e-04, 1.2715e-03,
         6.4679e-04],
        [2.5108e-03, 9.9051e-01, 2.3289e-03, 9.2900e-04, 6.7867e-04, 1.8546e-03,
         1.1854e-03],
        [2.2140e-03, 9.9329e-01, 1.3776e-03, 6.0200e-04, 5.4133e-04, 1.2482e-03,
         7.2235e-04]], device='cuda:0')
**bs에 맞지않음!!!!!**


line 303 => train data수 3839
line 258 => 인스턴스 수 549
=======test_loader=======
=======dev_loader=======
=======train_labeled_loader=======
=======finish=======
>>Epoch 30 Step 1955 acc_test 0.060403 f1_test 0.016275 acc_val 0.199662 f1_val 0.066573 acc_train 0.984371 f1_train 0.141732 psl_cor 545 psl_totl 3781 pslt_global 0.900000  Tim 0:36:03
acc_train_cw(현재 train의 class별 acc) [0.0, 1.0, 0.0, 0.0, 0.0, 0.0, 0.0]
cw_psl_total_eval(이전 pseudo label 클래스별 총 샘플 수):  [0, 3781, 0, 0, 0, 0, 0]
cw_psl_correct_eval(이전 pseudo label 클래스별 맞은 샘플 수):  [0, 545, 0, 0, 0, 0, 0]
psl_acc(이전 PSL 평가에서의 정확도):  0.144 
cw_psl_acc(이전 클래스별 PSL 평가에서의 정확도):  [nan, 0.1441417634487152, nan, nan, nan, nan, nan]
train batch instace수가 7안됨 pass
tensor([[3.8504e-03, 9.7982e-01, 4.8146e-03, 2.6626e-03, 2.3130e-03, 1.1838e-03,
         5.3535e-03],
        [2.3842e-03, 9.8174e-01, 4.6198e-03, 3.0357e-03, 2.1496e-03, 1.2582e-03,
         4.8081e-03],
        [2.6703e-03, 9.7719e-01, 5.8209e-03, 4.2480e-03, 2.8838e-03, 1.7416e-03,
         5.4409e-03],
        [2.1512e-03, 9.8147e-01, 4.8085e-03, 3.1095e-03, 2.3189e-03, 1.0976e-03,
         5.0480e-03],
        [2.8726e-03, 9.8370e-01, 3.9963e-03, 2.3754e-03, 1.8752e-03, 8.8433e-04,
         4.2958e-03],
        [3.2959e-03, 9.8386e-01, 4.2804e-03, 1.5154e-03, 1.6252e-03, 4.7165e-04,
         4.9478e-03],
        [1.9033e-03, 9.8628e-01, 3.5787e-03, 2.4751e-03, 1.6092e-03, 8.8376e-04,
         3.2677e-03]], device='cuda:0')
**bs에 맞지않음!!!!!**


line 303 => train data수 3839
line 258 => 인스턴스 수 549
=======test_loader=======
=======dev_loader=======
=======train_labeled_loader=======
=======finish=======
>>Epoch 31 Step 2504 acc_test 0.060403 f1_test 0.016275 acc_val 0.199662 f1_val 0.066573 acc_train 0.984371 f1_train 0.141732 psl_cor 545 psl_totl 3781 pslt_global 0.900000  Tim 0:39:14
acc_train_cw(현재 train의 class별 acc) [0.0, 1.0, 0.0, 0.0, 0.0, 0.0, 0.0]
cw_psl_total_eval(이전 pseudo label 클래스별 총 샘플 수):  [0, 3781, 0, 0, 0, 0, 0]
cw_psl_correct_eval(이전 pseudo label 클래스별 맞은 샘플 수):  [0, 545, 0, 0, 0, 0, 0]
psl_acc(이전 PSL 평가에서의 정확도):  0.144 
cw_psl_acc(이전 클래스별 PSL 평가에서의 정확도):  [nan, 0.1441417634487152, nan, nan, nan, nan, nan]
train batch instace수가 7안됨 pass
tensor([[0.0063, 0.9774, 0.0018, 0.0025, 0.0034, 0.0072, 0.0015],
        [0.0102, 0.9642, 0.0028, 0.0043, 0.0048, 0.0113, 0.0024],
        [0.0073, 0.9749, 0.0022, 0.0027, 0.0037, 0.0080, 0.0014],
        [0.0078, 0.9743, 0.0019, 0.0031, 0.0034, 0.0081, 0.0014],
        [0.0067, 0.9772, 0.0018, 0.0025, 0.0031, 0.0077, 0.0012],
        [0.0058, 0.9797, 0.0018, 0.0018, 0.0032, 0.0067, 0.0011],
        [0.0073, 0.9714, 0.0024, 0.0034, 0.0041, 0.0097, 0.0017]],
       device='cuda:0')
**bs에 맞지않음!!!!!**


line 303 => train data수 3839
line 258 => 인스턴스 수 549
=======test_loader=======
=======dev_loader=======
=======train_labeled_loader=======
=======finish=======
>>Epoch 32 Step 3053 acc_test 0.060403 f1_test 0.016275 acc_val 0.199662 f1_val 0.066573 acc_train 0.984371 f1_train 0.141732 psl_cor 545 psl_totl 3781 pslt_global 0.900000  Tim 0:42:26
acc_train_cw(현재 train의 class별 acc) [0.0, 1.0, 0.0, 0.0, 0.0, 0.0, 0.0]
cw_psl_total_eval(이전 pseudo label 클래스별 총 샘플 수):  [0, 3781, 0, 0, 0, 0, 0]
cw_psl_correct_eval(이전 pseudo label 클래스별 맞은 샘플 수):  [0, 545, 0, 0, 0, 0, 0]
psl_acc(이전 PSL 평가에서의 정확도):  0.144 
cw_psl_acc(이전 클래스별 PSL 평가에서의 정확도):  [nan, 0.1441417634487152, nan, nan, nan, nan, nan]
train batch instace수가 7안됨 pass
tensor([[0.0025, 0.9866, 0.0022, 0.0025, 0.0018, 0.0023, 0.0022],
        [0.0020, 0.9879, 0.0022, 0.0023, 0.0016, 0.0022, 0.0017],
        [0.0011, 0.9906, 0.0017, 0.0015, 0.0022, 0.0011, 0.0019],
        [0.0024, 0.9835, 0.0029, 0.0027, 0.0033, 0.0024, 0.0028],
        [0.0021, 0.9885, 0.0020, 0.0021, 0.0016, 0.0019, 0.0019],
        [0.0025, 0.9856, 0.0024, 0.0030, 0.0018, 0.0025, 0.0021],
        [0.0024, 0.9862, 0.0022, 0.0026, 0.0019, 0.0023, 0.0023]],
       device='cuda:0')
**bs에 맞지않음!!!!!**


line 303 => train data수 3839
line 258 => 인스턴스 수 549
=======test_loader=======
=======dev_loader=======
=======train_labeled_loader=======
=======finish=======
>>Epoch 33 Step 3602 acc_test 0.060403 f1_test 0.016275 acc_val 0.199662 f1_val 0.066573 acc_train 0.984371 f1_train 0.141732 psl_cor 545 psl_totl 3781 pslt_global 0.900000  Tim 0:45:40
acc_train_cw(현재 train의 class별 acc) [0.0, 1.0, 0.0, 0.0, 0.0, 0.0, 0.0]
cw_psl_total_eval(이전 pseudo label 클래스별 총 샘플 수):  [0, 3781, 0, 0, 0, 0, 0]
cw_psl_correct_eval(이전 pseudo label 클래스별 맞은 샘플 수):  [0, 545, 0, 0, 0, 0, 0]
psl_acc(이전 PSL 평가에서의 정확도):  0.144 
