current work directory:  /home/imsuhan22/few-shot-tc/JointMatch_SSL/codebert/code
java_extended_data
save_name: 1_codet5p-110m-embedding_1e-05_0.8_30_java_extended_data

data_path:  ../data/../data/problem_based_split/java_extended_data

There are 1 GPU(s) available.
We will use the GPU- 0 NVIDIA GeForce RTX 3090

**line 147 모델 =>  Salesforce/codet5p-110m-embedding
**tokenizer type =  Salesforce/codet5p-110m-embedding 

n_labeled_per_class:  1
train_df samples: 3851
train_labeled_df samples: 7
train_unlabeled_df samples: 3844
n_classes:  7 

net_arch:  Salesforce/codet5p-110m-embedding lr:  1e-05

line 303 => train data수 7
line 258 => 인스턴스 수 1
=======test_loader=======
=======dev_loader=======
=======train_labeled_loader=======
=======finish=======
>>Epoch 1 Step 0 acc_test 0.212528 f1_test 0.106975 acc_val 0.174281 f1_val 0.109487 acc_train 0.285714 f1_train 0.142857 psl_cor 0 psl_totl 0 pslt_global 0.000000  Tim 0:00:13
acc_train_cw(현재 train의 class별 acc) [0.0, 0.0, 0.0, 1.0, 1.0, 0.0, 0.0]
cw_psl_total_eval(이전 pseudo label 클래스별 총 샘플 수):  [0, 0, 0, 0, 0, 0, 0]
cw_psl_correct_eval(이전 pseudo label 클래스별 맞은 샘플 수):  [0, 0, 0, 0, 0, 0, 0]
psl_acc(PSL 평가에서의 정확도): None 
cw_psl_acc(이전 클래스별 PSL 평가에서의 정확도):  [nan, nan, nan, nan, nan, nan, nan]
Save model to ./experiment/few_shot/output/
tensor([[0.1415, 0.1443, 0.1434, 0.1547, 0.1472, 0.1378, 0.1312],
        [0.1491, 0.1473, 0.1375, 0.1442, 0.1492, 0.1430, 0.1297],
        [0.1488, 0.1428, 0.1371, 0.1480, 0.1522, 0.1398, 0.1313],
        [0.1466, 0.1402, 0.1357, 0.1543, 0.1518, 0.1388, 0.1325],
        [0.1466, 0.1413, 0.1385, 0.1545, 0.1522, 0.1384, 0.1286],
        [0.1523, 0.1417, 0.1426, 0.1439, 0.1483, 0.1403, 0.1309],
        [0.1521, 0.1447, 0.1419, 0.1484, 0.1533, 0.1368, 0.1227]],
       device='cuda:0')

line 303 => train data수 7
line 258 => 인스턴스 수 1
=======test_loader=======
=======dev_loader=======
=======train_labeled_loader=======
=======finish=======
>>Epoch 2 Step 1 acc_test 0.199105 f1_test 0.099738 acc_val 0.182741 f1_val 0.113447 acc_train 0.285714 f1_train 0.142857 psl_cor 0 psl_totl 0 pslt_global 0.800000  Tim 0:01:08
acc_train_cw(현재 train의 class별 acc) [0.0, 0.0, 0.0, 1.0, 1.0, 0.0, 0.0]
cw_psl_total_eval(이전 pseudo label 클래스별 총 샘플 수):  [0, 0, 0, 0, 0, 0, 0]
cw_psl_correct_eval(이전 pseudo label 클래스별 맞은 샘플 수):  [0, 0, 0, 0, 0, 0, 0]
psl_acc(PSL 평가에서의 정확도): None 
cw_psl_acc(이전 클래스별 PSL 평가에서의 정확도):  [nan, nan, nan, nan, nan, nan, nan]
Save model to ./experiment/few_shot/output/
tensor([[0.1446, 0.1425, 0.1410, 0.1556, 0.1444, 0.1410, 0.1309],
        [0.1503, 0.1403, 0.1370, 0.1444, 0.1475, 0.1451, 0.1354],
        [0.1466, 0.1413, 0.1410, 0.1468, 0.1504, 0.1404, 0.1336],
        [0.1480, 0.1405, 0.1375, 0.1494, 0.1535, 0.1417, 0.1294],
        [0.1412, 0.1400, 0.1438, 0.1510, 0.1526, 0.1420, 0.1295],
        [0.1532, 0.1449, 0.1381, 0.1440, 0.1530, 0.1402, 0.1266],
        [0.1502, 0.1475, 0.1427, 0.1450, 0.1513, 0.1359, 0.1274]],
       device='cuda:0')

line 303 => train data수 7
line 258 => 인스턴스 수 1
=======test_loader=======
=======dev_loader=======
=======train_labeled_loader=======
=======finish=======
>>Epoch 3 Step 2 acc_test 0.190157 f1_test 0.099924 acc_val 0.172589 f1_val 0.108999 acc_train 0.285714 f1_train 0.142857 psl_cor 0 psl_totl 0 pslt_global 0.800000  Tim 0:02:07
acc_train_cw(현재 train의 class별 acc) [0.0, 0.0, 0.0, 1.0, 1.0, 0.0, 0.0]
cw_psl_total_eval(이전 pseudo label 클래스별 총 샘플 수):  [0, 0, 0, 0, 0, 0, 0]
cw_psl_correct_eval(이전 pseudo label 클래스별 맞은 샘플 수):  [0, 0, 0, 0, 0, 0, 0]
psl_acc(PSL 평가에서의 정확도): None 
cw_psl_acc(이전 클래스별 PSL 평가에서의 정확도):  [nan, nan, nan, nan, nan, nan, nan]
tensor([[0.1443, 0.1467, 0.1417, 0.1561, 0.1442, 0.1367, 0.1303],
        [0.1420, 0.1479, 0.1382, 0.1456, 0.1461, 0.1465, 0.1337],
        [0.1483, 0.1434, 0.1394, 0.1493, 0.1465, 0.1396, 0.1335],
        [0.1451, 0.1400, 0.1415, 0.1512, 0.1516, 0.1384, 0.1322],
        [0.1443, 0.1431, 0.1418, 0.1547, 0.1471, 0.1398, 0.1292],
        [0.1545, 0.1436, 0.1375, 0.1417, 0.1512, 0.1410, 0.1304],
        [0.1516, 0.1425, 0.1408, 0.1498, 0.1519, 0.1378, 0.1255]],
       device='cuda:0')

line 303 => train data수 7
line 258 => 인스턴스 수 1
=======test_loader=======
=======dev_loader=======
=======train_labeled_loader=======
=======finish=======
>>Epoch 4 Step 3 acc_test 0.181208 f1_test 0.104358 acc_val 0.170897 f1_val 0.107256 acc_train 0.428571 f1_train 0.295238 psl_cor 0 psl_totl 0 pslt_global 0.800000  Tim 0:02:59
acc_train_cw(현재 train의 class별 acc) [1.0, 0.0, 0.0, 1.0, 1.0, 0.0, 0.0]
cw_psl_total_eval(이전 pseudo label 클래스별 총 샘플 수):  [0, 0, 0, 0, 0, 0, 0]
cw_psl_correct_eval(이전 pseudo label 클래스별 맞은 샘플 수):  [0, 0, 0, 0, 0, 0, 0]
psl_acc(PSL 평가에서의 정확도): None 
cw_psl_acc(이전 클래스별 PSL 평가에서의 정확도):  [nan, nan, nan, nan, nan, nan, nan]
tensor([[0.1387, 0.1462, 0.1434, 0.1540, 0.1466, 0.1407, 0.1303],
        [0.1482, 0.1426, 0.1383, 0.1429, 0.1497, 0.1438, 0.1346],
        [0.1505, 0.1397, 0.1363, 0.1514, 0.1502, 0.1423, 0.1296],
        [0.1471, 0.1401, 0.1392, 0.1495, 0.1541, 0.1385, 0.1316],
        [0.1449, 0.1412, 0.1393, 0.1549, 0.1500, 0.1422, 0.1276],
        [0.1523, 0.1445, 0.1404, 0.1417, 0.1505, 0.1403, 0.1302],
        [0.1534, 0.1446, 0.1403, 0.1479, 0.1509, 0.1366, 0.1263]],
       device='cuda:0')

line 303 => train data수 7
line 258 => 인스턴스 수 1
=======test_loader=======
=======dev_loader=======
=======train_labeled_loader=======
=======finish=======
>>Epoch 5 Step 4 acc_test 0.165548 f1_test 0.103310 acc_val 0.170897 f1_val 0.109448 acc_train 0.571429 f1_train 0.485714 psl_cor 0 psl_totl 0 pslt_global 0.800000  Tim 0:03:52
acc_train_cw(현재 train의 class별 acc) [1.0, 1.0, 0.0, 1.0, 1.0, 0.0, 0.0]
cw_psl_total_eval(이전 pseudo label 클래스별 총 샘플 수):  [0, 0, 0, 0, 0, 0, 0]
cw_psl_correct_eval(이전 pseudo label 클래스별 맞은 샘플 수):  [0, 0, 0, 0, 0, 0, 0]
psl_acc(PSL 평가에서의 정확도): None 
cw_psl_acc(이전 클래스별 PSL 평가에서의 정확도):  [nan, nan, nan, nan, nan, nan, nan]
tensor([[0.1381, 0.1498, 0.1433, 0.1548, 0.1418, 0.1395, 0.1328],
        [0.1457, 0.1471, 0.1375, 0.1444, 0.1492, 0.1399, 0.1362],
        [0.1478, 0.1425, 0.1408, 0.1468, 0.1495, 0.1410, 0.1317],
        [0.1459, 0.1419, 0.1412, 0.1507, 0.1492, 0.1405, 0.1305],
        [0.1428, 0.1410, 0.1391, 0.1527, 0.1508, 0.1445, 0.1291],
        [0.1518, 0.1426, 0.1408, 0.1390, 0.1526, 0.1434, 0.1297],
        [0.1516, 0.1462, 0.1423, 0.1440, 0.1531, 0.1369, 0.1258]],
       device='cuda:0')

line 303 => train data수 7
line 258 => 인스턴스 수 1
=======test_loader=======
=======dev_loader=======
=======train_labeled_loader=======
=======finish=======
>>Epoch 6 Step 5 acc_test 0.156600 f1_test 0.106498 acc_val 0.175973 f1_val 0.111523 acc_train 0.714286 f1_train 0.642857 psl_cor 0 psl_totl 0 pslt_global 0.800000  Tim 0:04:45
acc_train_cw(현재 train의 class별 acc) [1.0, 1.0, 0.0, 1.0, 1.0, 1.0, 0.0]
cw_psl_total_eval(이전 pseudo label 클래스별 총 샘플 수):  [0, 0, 0, 0, 0, 0, 0]
cw_psl_correct_eval(이전 pseudo label 클래스별 맞은 샘플 수):  [0, 0, 0, 0, 0, 0, 0]
psl_acc(PSL 평가에서의 정확도): None 
cw_psl_acc(이전 클래스별 PSL 평가에서의 정확도):  [nan, nan, nan, nan, nan, nan, nan]
tensor([[0.1416, 0.1463, 0.1426, 0.1563, 0.1424, 0.1354, 0.1354],
        [0.1477, 0.1444, 0.1389, 0.1436, 0.1499, 0.1388, 0.1369],
        [0.1455, 0.1435, 0.1382, 0.1467, 0.1543, 0.1424, 0.1293],
        [0.1441, 0.1407, 0.1369, 0.1519, 0.1533, 0.1384, 0.1348],
        [0.1439, 0.1416, 0.1420, 0.1565, 0.1485, 0.1400, 0.1276],
        [0.1548, 0.1424, 0.1402, 0.1435, 0.1491, 0.1397, 0.1303],
        [0.1530, 0.1426, 0.1434, 0.1447, 0.1524, 0.1400, 0.1240]],
       device='cuda:0')

line 303 => train data수 7
line 258 => 인스턴스 수 1
=======test_loader=======
=======dev_loader=======
=======train_labeled_loader=======
=======finish=======
>>Epoch 7 Step 6 acc_test 0.149888 f1_test 0.104444 acc_val 0.184433 f1_val 0.115090 acc_train 0.857143 f1_train 0.809524 psl_cor 0 psl_totl 0 pslt_global 0.800000  Tim 0:05:38
acc_train_cw(현재 train의 class별 acc) [1.0, 1.0, 1.0, 1.0, 1.0, 1.0, 0.0]
cw_psl_total_eval(이전 pseudo label 클래스별 총 샘플 수):  [0, 0, 0, 0, 0, 0, 0]
cw_psl_correct_eval(이전 pseudo label 클래스별 맞은 샘플 수):  [0, 0, 0, 0, 0, 0, 0]
psl_acc(PSL 평가에서의 정확도): None 
cw_psl_acc(이전 클래스별 PSL 평가에서의 정확도):  [nan, nan, nan, nan, nan, nan, nan]
Save model to ./experiment/few_shot/output/
tensor([[0.1372, 0.1452, 0.1475, 0.1570, 0.1432, 0.1383, 0.1317],
        [0.1473, 0.1461, 0.1357, 0.1438, 0.1483, 0.1426, 0.1362],
        [0.1485, 0.1424, 0.1374, 0.1485, 0.1515, 0.1402, 0.1316],
        [0.1443, 0.1379, 0.1419, 0.1532, 0.1520, 0.1382, 0.1325],
        [0.1439, 0.1409, 0.1422, 0.1523, 0.1500, 0.1440, 0.1266],
        [0.1523, 0.1432, 0.1407, 0.1422, 0.1476, 0.1418, 0.1322],
        [0.1506, 0.1474, 0.1412, 0.1427, 0.1538, 0.1392, 0.1252]],
       device='cuda:0')

line 303 => train data수 7
line 258 => 인스턴스 수 1
=======test_loader=======
=======dev_loader=======
=======train_labeled_loader=======
=======finish=======
>>Epoch 8 Step 7 acc_test 0.152125 f1_test 0.106140 acc_val 0.177665 f1_val 0.106687 acc_train 1.000000 f1_train 1.000000 psl_cor 0 psl_totl 0 pslt_global 0.800000  Tim 0:06:38
acc_train_cw(현재 train의 class별 acc) [1.0, 1.0, 1.0, 1.0, 1.0, 1.0, 1.0]
cw_psl_total_eval(이전 pseudo label 클래스별 총 샘플 수):  [0, 0, 0, 0, 0, 0, 0]
cw_psl_correct_eval(이전 pseudo label 클래스별 맞은 샘플 수):  [0, 0, 0, 0, 0, 0, 0]
psl_acc(PSL 평가에서의 정확도): None 
cw_psl_acc(이전 클래스별 PSL 평가에서의 정확도):  [nan, nan, nan, nan, nan, nan, nan]
tensor([[0.1382, 0.1461, 0.1463, 0.1533, 0.1407, 0.1405, 0.1349],
        [0.1425, 0.1472, 0.1366, 0.1446, 0.1453, 0.1446, 0.1391],
        [0.1470, 0.1425, 0.1411, 0.1487, 0.1510, 0.1410, 0.1287],
        [0.1411, 0.1423, 0.1386, 0.1539, 0.1507, 0.1370, 0.1363],
        [0.1432, 0.1379, 0.1421, 0.1517, 0.1531, 0.1448, 0.1271],
        [0.1548, 0.1426, 0.1389, 0.1450, 0.1486, 0.1401, 0.1300],
        [0.1508, 0.1463, 0.1409, 0.1416, 0.1538, 0.1414, 0.1252]],
       device='cuda:0')

line 303 => train data수 7
line 258 => 인스턴스 수 1
=======test_loader=======
=======dev_loader=======
=======train_labeled_loader=======
=======finish=======
>>Epoch 9 Step 8 acc_test 0.154362 f1_test 0.105518 acc_val 0.177665 f1_val 0.109371 acc_train 1.000000 f1_train 1.000000 psl_cor 0 psl_totl 0 pslt_global 0.800000  Tim 0:07:31
acc_train_cw(현재 train의 class별 acc) [1.0, 1.0, 1.0, 1.0, 1.0, 1.0, 1.0]
cw_psl_total_eval(이전 pseudo label 클래스별 총 샘플 수):  [0, 0, 0, 0, 0, 0, 0]
cw_psl_correct_eval(이전 pseudo label 클래스별 맞은 샘플 수):  [0, 0, 0, 0, 0, 0, 0]
psl_acc(PSL 평가에서의 정확도): None 
cw_psl_acc(이전 클래스별 PSL 평가에서의 정확도):  [nan, nan, nan, nan, nan, nan, nan]
tensor([[0.1360, 0.1467, 0.1443, 0.1560, 0.1427, 0.1421, 0.1322],
        [0.1486, 0.1448, 0.1355, 0.1419, 0.1491, 0.1448, 0.1354],
        [0.1478, 0.1422, 0.1404, 0.1466, 0.1471, 0.1444, 0.1314],
        [0.1480, 0.1380, 0.1397, 0.1479, 0.1504, 0.1434, 0.1325],
        [0.1395, 0.1396, 0.1406, 0.1504, 0.1506, 0.1463, 0.1330],
        [0.1534, 0.1408, 0.1396, 0.1467, 0.1482, 0.1379, 0.1334],
        [0.1472, 0.1445, 0.1464, 0.1454, 0.1518, 0.1389, 0.1259]],
       device='cuda:0')

line 303 => train data수 7
line 258 => 인스턴스 수 1
=======test_loader=======
=======dev_loader=======
=======train_labeled_loader=======
=======finish=======
>>Epoch 10 Step 9 acc_test 0.158837 f1_test 0.108832 acc_val 0.175973 f1_val 0.108433 acc_train 1.000000 f1_train 1.000000 psl_cor 0 psl_totl 0 pslt_global 0.800000  Tim 0:08:23
acc_train_cw(현재 train의 class별 acc) [1.0, 1.0, 1.0, 1.0, 1.0, 1.0, 1.0]
cw_psl_total_eval(이전 pseudo label 클래스별 총 샘플 수):  [0, 0, 0, 0, 0, 0, 0]
cw_psl_correct_eval(이전 pseudo label 클래스별 맞은 샘플 수):  [0, 0, 0, 0, 0, 0, 0]
psl_acc(PSL 평가에서의 정확도): None 
cw_psl_acc(이전 클래스별 PSL 평가에서의 정확도):  [nan, nan, nan, nan, nan, nan, nan]
tensor([[0.1371, 0.1459, 0.1466, 0.1568, 0.1407, 0.1415, 0.1314],
        [0.1451, 0.1482, 0.1349, 0.1421, 0.1489, 0.1415, 0.1393],
        [0.1490, 0.1409, 0.1380, 0.1438, 0.1493, 0.1447, 0.1342],
        [0.1433, 0.1388, 0.1420, 0.1515, 0.1507, 0.1401, 0.1336],
        [0.1460, 0.1379, 0.1446, 0.1493, 0.1514, 0.1461, 0.1247],
        [0.1572, 0.1423, 0.1378, 0.1409, 0.1510, 0.1387, 0.1321],
        [0.1534, 0.1479, 0.1404, 0.1416, 0.1495, 0.1416, 0.1257]],
       device='cuda:0')

line 303 => train data수 7
line 258 => 인스턴스 수 1
=======test_loader=======
=======dev_loader=======
=======train_labeled_loader=======
=======finish=======
>>Epoch 11 Step 10 acc_test 0.161074 f1_test 0.112045 acc_val 0.172589 f1_val 0.108772 acc_train 1.000000 f1_train 1.000000 psl_cor 0 psl_totl 0 pslt_global 0.800000  Tim 0:09:16
acc_train_cw(현재 train의 class별 acc) [1.0, 1.0, 1.0, 1.0, 1.0, 1.0, 1.0]
cw_psl_total_eval(이전 pseudo label 클래스별 총 샘플 수):  [0, 0, 0, 0, 0, 0, 0]
cw_psl_correct_eval(이전 pseudo label 클래스별 맞은 샘플 수):  [0, 0, 0, 0, 0, 0, 0]
psl_acc(PSL 평가에서의 정확도): None 
cw_psl_acc(이전 클래스별 PSL 평가에서의 정확도):  [nan, nan, nan, nan, nan, nan, nan]
tensor([[0.1336, 0.1460, 0.1442, 0.1536, 0.1464, 0.1432, 0.1330],
        [0.1463, 0.1457, 0.1338, 0.1465, 0.1451, 0.1430, 0.1396],
        [0.1510, 0.1418, 0.1381, 0.1438, 0.1498, 0.1460, 0.1294],
        [0.1480, 0.1397, 0.1370, 0.1497, 0.1504, 0.1439, 0.1312],
        [0.1429, 0.1390, 0.1386, 0.1561, 0.1467, 0.1460, 0.1307],
        [0.1577, 0.1405, 0.1385, 0.1402, 0.1507, 0.1405, 0.1319],
        [0.1517, 0.1478, 0.1424, 0.1441, 0.1498, 0.1400, 0.1243]],
       device='cuda:0')

line 303 => train data수 7
line 258 => 인스턴스 수 1
=======test_loader=======
=======dev_loader=======
=======train_labeled_loader=======
=======finish=======
>>Epoch 12 Step 11 acc_test 0.167785 f1_test 0.120920 acc_val 0.170897 f1_val 0.111734 acc_train 1.000000 f1_train 1.000000 psl_cor 0 psl_totl 0 pslt_global 0.800000  Tim 0:10:09
acc_train_cw(현재 train의 class별 acc) [1.0, 1.0, 1.0, 1.0, 1.0, 1.0, 1.0]
cw_psl_total_eval(이전 pseudo label 클래스별 총 샘플 수):  [0, 0, 0, 0, 0, 0, 0]
cw_psl_correct_eval(이전 pseudo label 클래스별 맞은 샘플 수):  [0, 0, 0, 0, 0, 0, 0]
psl_acc(PSL 평가에서의 정확도): None 
cw_psl_acc(이전 클래스별 PSL 평가에서의 정확도):  [nan, nan, nan, nan, nan, nan, nan]
tensor([[0.1384, 0.1448, 0.1439, 0.1505, 0.1461, 0.1438, 0.1325],
        [0.1464, 0.1472, 0.1334, 0.1435, 0.1458, 0.1419, 0.1418],
        [0.1519, 0.1399, 0.1381, 0.1443, 0.1499, 0.1430, 0.1329],
        [0.1505, 0.1357, 0.1408, 0.1449, 0.1525, 0.1445, 0.1311],
        [0.1403, 0.1398, 0.1410, 0.1619, 0.1435, 0.1421, 0.1314],
        [0.1580, 0.1414, 0.1386, 0.1402, 0.1505, 0.1384, 0.1331],
        [0.1519, 0.1478, 0.1441, 0.1424, 0.1493, 0.1399, 0.1246]],
       device='cuda:0')

line 303 => train data수 7
line 258 => 인스턴스 수 1
=======test_loader=======
=======dev_loader=======
=======train_labeled_loader=======
=======finish=======
>>Epoch 13 Step 12 acc_test 0.172260 f1_test 0.123492 acc_val 0.169205 f1_val 0.097633 acc_train 1.000000 f1_train 1.000000 psl_cor 0 psl_totl 0 pslt_global 0.800000  Tim 0:11:02
acc_train_cw(현재 train의 class별 acc) [1.0, 1.0, 1.0, 1.0, 1.0, 1.0, 1.0]
cw_psl_total_eval(이전 pseudo label 클래스별 총 샘플 수):  [0, 0, 0, 0, 0, 0, 0]
cw_psl_correct_eval(이전 pseudo label 클래스별 맞은 샘플 수):  [0, 0, 0, 0, 0, 0, 0]
psl_acc(PSL 평가에서의 정확도): None 
cw_psl_acc(이전 클래스별 PSL 평가에서의 정확도):  [nan, nan, nan, nan, nan, nan, nan]
tensor([[0.1345, 0.1482, 0.1471, 0.1536, 0.1413, 0.1427, 0.1326],
        [0.1450, 0.1472, 0.1358, 0.1437, 0.1428, 0.1420, 0.1434],
        [0.1516, 0.1412, 0.1422, 0.1415, 0.1517, 0.1410, 0.1308],
        [0.1433, 0.1352, 0.1385, 0.1506, 0.1498, 0.1426, 0.1400],
        [0.1428, 0.1405, 0.1465, 0.1490, 0.1508, 0.1449, 0.1255],
        [0.1585, 0.1362, 0.1388, 0.1373, 0.1562, 0.1413, 0.1316],
        [0.1480, 0.1458, 0.1438, 0.1417, 0.1562, 0.1385, 0.1259]],
       device='cuda:0')

line 303 => train data수 7
line 258 => 인스턴스 수 1
=======test_loader=======
=======dev_loader=======
=======train_labeled_loader=======
=======finish=======
>>Epoch 14 Step 13 acc_test 0.181208 f1_test 0.129193 acc_val 0.167513 f1_val 0.096706 acc_train 1.000000 f1_train 1.000000 psl_cor 0 psl_totl 0 pslt_global 0.800000  Tim 0:11:55
acc_train_cw(현재 train의 class별 acc) [1.0, 1.0, 1.0, 1.0, 1.0, 1.0, 1.0]
cw_psl_total_eval(이전 pseudo label 클래스별 총 샘플 수):  [0, 0, 0, 0, 0, 0, 0]
cw_psl_correct_eval(이전 pseudo label 클래스별 맞은 샘플 수):  [0, 0, 0, 0, 0, 0, 0]
psl_acc(PSL 평가에서의 정확도): None 
cw_psl_acc(이전 클래스별 PSL 평가에서의 정확도):  [nan, nan, nan, nan, nan, nan, nan]
tensor([[0.1370, 0.1466, 0.1470, 0.1520, 0.1427, 0.1401, 0.1346],
        [0.1362, 0.1511, 0.1361, 0.1439, 0.1456, 0.1461, 0.1411],
        [0.1522, 0.1420, 0.1365, 0.1430, 0.1492, 0.1426, 0.1345],
        [0.1453, 0.1412, 0.1395, 0.1490, 0.1519, 0.1377, 0.1353],
        [0.1437, 0.1366, 0.1433, 0.1482, 0.1490, 0.1490, 0.1302],
        [0.1583, 0.1404, 0.1372, 0.1339, 0.1581, 0.1433, 0.1289],
        [0.1490, 0.1498, 0.1405, 0.1432, 0.1531, 0.1382, 0.1262]],
       device='cuda:0')

line 303 => train data수 7
line 258 => 인스턴스 수 1
=======test_loader=======
=======dev_loader=======
=======train_labeled_loader=======
=======finish=======
>>Epoch 15 Step 14 acc_test 0.181208 f1_test 0.129978 acc_val 0.164129 f1_val 0.097034 acc_train 1.000000 f1_train 1.000000 psl_cor 0 psl_totl 0 pslt_global 0.800000  Tim 0:12:48
acc_train_cw(현재 train의 class별 acc) [1.0, 1.0, 1.0, 1.0, 1.0, 1.0, 1.0]
cw_psl_total_eval(이전 pseudo label 클래스별 총 샘플 수):  [0, 0, 0, 0, 0, 0, 0]
cw_psl_correct_eval(이전 pseudo label 클래스별 맞은 샘플 수):  [0, 0, 0, 0, 0, 0, 0]
psl_acc(PSL 평가에서의 정확도): None 
cw_psl_acc(이전 클래스별 PSL 평가에서의 정확도):  [nan, nan, nan, nan, nan, nan, nan]
tensor([[0.1386, 0.1448, 0.1486, 0.1518, 0.1425, 0.1414, 0.1323],
        [0.1481, 0.1513, 0.1309, 0.1383, 0.1499, 0.1379, 0.1436],
        [0.1500, 0.1400, 0.1392, 0.1438, 0.1517, 0.1426, 0.1327],
        [0.1470, 0.1354, 0.1395, 0.1487, 0.1499, 0.1430, 0.1365],
        [0.1388, 0.1408, 0.1438, 0.1528, 0.1449, 0.1490, 0.1299],
        [0.1602, 0.1424, 0.1366, 0.1386, 0.1533, 0.1365, 0.1325],
        [0.1506, 0.1492, 0.1425, 0.1441, 0.1520, 0.1342, 0.1274]],
       device='cuda:0')

line 303 => train data수 7
line 258 => 인스턴스 수 1
=======test_loader=======
=======dev_loader=======
=======train_labeled_loader=======
=======finish=======
>>Epoch 16 Step 15 acc_test 0.176734 f1_test 0.129826 acc_val 0.172589 f1_val 0.102597 acc_train 1.000000 f1_train 1.000000 psl_cor 0 psl_totl 0 pslt_global 0.800000  Tim 0:13:41
acc_train_cw(현재 train의 class별 acc) [1.0, 1.0, 1.0, 1.0, 1.0, 1.0, 1.0]
cw_psl_total_eval(이전 pseudo label 클래스별 총 샘플 수):  [0, 0, 0, 0, 0, 0, 0]
cw_psl_correct_eval(이전 pseudo label 클래스별 맞은 샘플 수):  [0, 0, 0, 0, 0, 0, 0]
psl_acc(PSL 평가에서의 정확도): None 
cw_psl_acc(이전 클래스별 PSL 평가에서의 정확도):  [nan, nan, nan, nan, nan, nan, nan]
tensor([[0.1374, 0.1482, 0.1504, 0.1514, 0.1406, 0.1378, 0.1342],
        [0.1459, 0.1447, 0.1352, 0.1387, 0.1507, 0.1419, 0.1429],
        [0.1522, 0.1404, 0.1405, 0.1375, 0.1514, 0.1462, 0.1319],
        [0.1458, 0.1356, 0.1429, 0.1460, 0.1537, 0.1425, 0.1335],
        [0.1437, 0.1395, 0.1410, 0.1580, 0.1423, 0.1437, 0.1318],
        [0.1643, 0.1411, 0.1350, 0.1387, 0.1524, 0.1340, 0.1346],
        [0.1526, 0.1465, 0.1439, 0.1429, 0.1481, 0.1391, 0.1268]],
       device='cuda:0')

line 303 => train data수 7
line 258 => 인스턴스 수 1
=======test_loader=======
=======dev_loader=======
=======train_labeled_loader=======
=======finish=======
>>Epoch 17 Step 16 acc_test 0.176734 f1_test 0.127783 acc_val 0.172589 f1_val 0.104412 acc_train 1.000000 f1_train 1.000000 psl_cor 0 psl_totl 0 pslt_global 0.800000  Tim 0:14:34
acc_train_cw(현재 train의 class별 acc) [1.0, 1.0, 1.0, 1.0, 1.0, 1.0, 1.0]
cw_psl_total_eval(이전 pseudo label 클래스별 총 샘플 수):  [0, 0, 0, 0, 0, 0, 0]
cw_psl_correct_eval(이전 pseudo label 클래스별 맞은 샘플 수):  [0, 0, 0, 0, 0, 0, 0]
psl_acc(PSL 평가에서의 정확도): None 
cw_psl_acc(이전 클래스별 PSL 평가에서의 정확도):  [nan, nan, nan, nan, nan, nan, nan]
tensor([[0.1346, 0.1512, 0.1498, 0.1512, 0.1422, 0.1377, 0.1334],
        [0.1438, 0.1502, 0.1371, 0.1419, 0.1434, 0.1419, 0.1417],
        [0.1536, 0.1407, 0.1399, 0.1413, 0.1504, 0.1434, 0.1307],
        [0.1446, 0.1378, 0.1393, 0.1478, 0.1513, 0.1401, 0.1391],
        [0.1460, 0.1419, 0.1431, 0.1472, 0.1515, 0.1442, 0.1262],
        [0.1649, 0.1372, 0.1354, 0.1419, 0.1485, 0.1386, 0.1335],
        [0.1520, 0.1460, 0.1455, 0.1410, 0.1520, 0.1374, 0.1262]],
       device='cuda:0')

line 303 => train data수 7
line 258 => 인스턴스 수 1
=======test_loader=======
=======dev_loader=======
=======train_labeled_loader=======
=======finish=======
>>Epoch 18 Step 17 acc_test 0.172260 f1_test 0.125917 acc_val 0.169205 f1_val 0.101579 acc_train 1.000000 f1_train 1.000000 psl_cor 0 psl_totl 0 pslt_global 0.800000  Tim 0:15:27
acc_train_cw(현재 train의 class별 acc) [1.0, 1.0, 1.0, 1.0, 1.0, 1.0, 1.0]
cw_psl_total_eval(이전 pseudo label 클래스별 총 샘플 수):  [0, 0, 0, 0, 0, 0, 0]
cw_psl_correct_eval(이전 pseudo label 클래스별 맞은 샘플 수):  [0, 0, 0, 0, 0, 0, 0]
psl_acc(PSL 평가에서의 정확도): None 
cw_psl_acc(이전 클래스별 PSL 평가에서의 정확도):  [nan, nan, nan, nan, nan, nan, nan]
tensor([[0.1329, 0.1495, 0.1493, 0.1495, 0.1444, 0.1424, 0.1321],
        [0.1459, 0.1464, 0.1315, 0.1459, 0.1461, 0.1405, 0.1437],
        [0.1539, 0.1414, 0.1402, 0.1418, 0.1513, 0.1402, 0.1312],
        [0.1418, 0.1404, 0.1447, 0.1463, 0.1461, 0.1458, 0.1350],
        [0.1447, 0.1382, 0.1452, 0.1503, 0.1493, 0.1441, 0.1282],
        [0.1645, 0.1395, 0.1363, 0.1374, 0.1542, 0.1361, 0.1321],
        [0.1477, 0.1450, 0.1463, 0.1427, 0.1505, 0.1405, 0.1272]],
       device='cuda:0')

line 303 => train data수 7
line 258 => 인스턴스 수 1
=======test_loader=======
=======dev_loader=======
=======train_labeled_loader=======
=======finish=======
>>Epoch 19 Step 18 acc_test 0.174497 f1_test 0.126757 acc_val 0.170897 f1_val 0.104973 acc_train 1.000000 f1_train 1.000000 psl_cor 0 psl_totl 0 pslt_global 0.800000  Tim 0:16:20
acc_train_cw(현재 train의 class별 acc) [1.0, 1.0, 1.0, 1.0, 1.0, 1.0, 1.0]
cw_psl_total_eval(이전 pseudo label 클래스별 총 샘플 수):  [0, 0, 0, 0, 0, 0, 0]
cw_psl_correct_eval(이전 pseudo label 클래스별 맞은 샘플 수):  [0, 0, 0, 0, 0, 0, 0]
psl_acc(PSL 평가에서의 정확도): None 
cw_psl_acc(이전 클래스별 PSL 평가에서의 정확도):  [nan, nan, nan, nan, nan, nan, nan]
tensor([[0.1339, 0.1454, 0.1513, 0.1530, 0.1443, 0.1404, 0.1317],
        [0.1508, 0.1449, 0.1364, 0.1385, 0.1498, 0.1403, 0.1393],
        [0.1513, 0.1423, 0.1373, 0.1389, 0.1524, 0.1455, 0.1323],
        [0.1480, 0.1362, 0.1393, 0.1451, 0.1525, 0.1417, 0.1372],
        [0.1438, 0.1379, 0.1424, 0.1475, 0.1497, 0.1484, 0.1303],
        [0.1657, 0.1364, 0.1381, 0.1374, 0.1532, 0.1379, 0.1313],
        [0.1519, 0.1482, 0.1457, 0.1361, 0.1528, 0.1387, 0.1267]],
       device='cuda:0')

line 303 => train data수 7
line 258 => 인스턴스 수 1
=======test_loader=======
=======dev_loader=======
=======train_labeled_loader=======
=======finish=======
>>Epoch 20 Step 19 acc_test 0.174497 f1_test 0.127114 acc_val 0.169205 f1_val 0.107702 acc_train 1.000000 f1_train 1.000000 psl_cor 0 psl_totl 0 pslt_global 0.800000  Tim 0:17:13
acc_train_cw(현재 train의 class별 acc) [1.0, 1.0, 1.0, 1.0, 1.0, 1.0, 1.0]
cw_psl_total_eval(이전 pseudo label 클래스별 총 샘플 수):  [0, 0, 0, 0, 0, 0, 0]
cw_psl_correct_eval(이전 pseudo label 클래스별 맞은 샘플 수):  [0, 0, 0, 0, 0, 0, 0]
psl_acc(PSL 평가에서의 정확도): None 
cw_psl_acc(이전 클래스별 PSL 평가에서의 정확도):  [nan, nan, nan, nan, nan, nan, nan]
tensor([[0.1352, 0.1483, 0.1477, 0.1504, 0.1454, 0.1410, 0.1320],
        [0.1496, 0.1483, 0.1343, 0.1426, 0.1459, 0.1352, 0.1440],
        [0.1535, 0.1405, 0.1390, 0.1373, 0.1530, 0.1448, 0.1317],
        [0.1448, 0.1383, 0.1403, 0.1466, 0.1508, 0.1435, 0.1358],
        [0.1458, 0.1411, 0.1446, 0.1473, 0.1470, 0.1481, 0.1261],
        [0.1673, 0.1375, 0.1374, 0.1332, 0.1593, 0.1363, 0.1290],
        [0.1505, 0.1482, 0.1467, 0.1413, 0.1492, 0.1389, 0.1254]],
       device='cuda:0')

line 303 => train data수 7
line 258 => 인스턴스 수 1
=======test_loader=======
=======dev_loader=======
=======train_labeled_loader=======
=======finish=======
>>Epoch 21 Step 20 acc_test 0.181208 f1_test 0.131370 acc_val 0.167513 f1_val 0.107184 acc_train 1.000000 f1_train 1.000000 psl_cor 0 psl_totl 0 pslt_global 0.800000  Tim 0:18:06
acc_train_cw(현재 train의 class별 acc) [1.0, 1.0, 1.0, 1.0, 1.0, 1.0, 1.0]
cw_psl_total_eval(이전 pseudo label 클래스별 총 샘플 수):  [0, 0, 0, 0, 0, 0, 0]
cw_psl_correct_eval(이전 pseudo label 클래스별 맞은 샘플 수):  [0, 0, 0, 0, 0, 0, 0]
psl_acc(PSL 평가에서의 정확도): None 
cw_psl_acc(이전 클래스별 PSL 평가에서의 정확도):  [nan, nan, nan, nan, nan, nan, nan]
tensor([[0.1329, 0.1513, 0.1488, 0.1469, 0.1418, 0.1415, 0.1368],
        [0.1466, 0.1462, 0.1369, 0.1405, 0.1478, 0.1346, 0.1473],
        [0.1536, 0.1379, 0.1396, 0.1381, 0.1540, 0.1400, 0.1367],
        [0.1478, 0.1336, 0.1436, 0.1456, 0.1538, 0.1443, 0.1312],
        [0.1475, 0.1394, 0.1446, 0.1454, 0.1482, 0.1490, 0.1259],
        [0.1644, 0.1403, 0.1383, 0.1360, 0.1506, 0.1350, 0.1354],
        [0.1509, 0.1458, 0.1489, 0.1368, 0.1550, 0.1386, 0.1241]],
       device='cuda:0')

line 303 => train data수 7
line 258 => 인스턴스 수 1
=======test_loader=======
=======dev_loader=======
=======train_labeled_loader=======
=======finish=======
>>Epoch 22 Step 21 acc_test 0.185682 f1_test 0.132993 acc_val 0.162437 f1_val 0.104618 acc_train 1.000000 f1_train 1.000000 psl_cor 0 psl_totl 0 pslt_global 0.800000  Tim 0:18:59
acc_train_cw(현재 train의 class별 acc) [1.0, 1.0, 1.0, 1.0, 1.0, 1.0, 1.0]
cw_psl_total_eval(이전 pseudo label 클래스별 총 샘플 수):  [0, 0, 0, 0, 0, 0, 0]
cw_psl_correct_eval(이전 pseudo label 클래스별 맞은 샘플 수):  [0, 0, 0, 0, 0, 0, 0]
psl_acc(PSL 평가에서의 정확도): None 
cw_psl_acc(이전 클래스별 PSL 평가에서의 정확도):  [nan, nan, nan, nan, nan, nan, nan]
tensor([[0.1319, 0.1479, 0.1488, 0.1552, 0.1439, 0.1386, 0.1337],
        [0.1479, 0.1456, 0.1344, 0.1383, 0.1537, 0.1381, 0.1420],
        [0.1598, 0.1390, 0.1366, 0.1404, 0.1528, 0.1389, 0.1325],
        [0.1409, 0.1409, 0.1426, 0.1462, 0.1520, 0.1399, 0.1375],
        [0.1435, 0.1429, 0.1436, 0.1491, 0.1493, 0.1439, 0.1278],
        [0.1646, 0.1393, 0.1386, 0.1349, 0.1551, 0.1364, 0.1312],
        [0.1495, 0.1521, 0.1437, 0.1375, 0.1545, 0.1387, 0.1240]],
       device='cuda:0')

line 303 => train data수 7
line 258 => 인스턴스 수 1
=======test_loader=======
=======dev_loader=======
=======train_labeled_loader=======
=======finish=======
>>Epoch 23 Step 22 acc_test 0.183445 f1_test 0.132887 acc_val 0.167513 f1_val 0.107720 acc_train 1.000000 f1_train 1.000000 psl_cor 0 psl_totl 0 pslt_global 0.800000  Tim 0:19:52
acc_train_cw(현재 train의 class별 acc) [1.0, 1.0, 1.0, 1.0, 1.0, 1.0, 1.0]
cw_psl_total_eval(이전 pseudo label 클래스별 총 샘플 수):  [0, 0, 0, 0, 0, 0, 0]
cw_psl_correct_eval(이전 pseudo label 클래스별 맞은 샘플 수):  [0, 0, 0, 0, 0, 0, 0]
psl_acc(PSL 평가에서의 정확도): None 
cw_psl_acc(이전 클래스별 PSL 평가에서의 정확도):  [nan, nan, nan, nan, nan, nan, nan]
tensor([[0.1291, 0.1510, 0.1499, 0.1539, 0.1457, 0.1359, 0.1345],
        [0.1438, 0.1496, 0.1365, 0.1398, 0.1495, 0.1364, 0.1444],
        [0.1515, 0.1417, 0.1424, 0.1394, 0.1517, 0.1390, 0.1343],
        [0.1439, 0.1373, 0.1411, 0.1435, 0.1535, 0.1455, 0.1352],
        [0.1468, 0.1372, 0.1405, 0.1479, 0.1467, 0.1491, 0.1319],
        [0.1676, 0.1382, 0.1354, 0.1374, 0.1549, 0.1337, 0.1327],
        [0.1517, 0.1467, 0.1438, 0.1380, 0.1558, 0.1374, 0.1267]],
       device='cuda:0')

line 303 => train data수 7
line 258 => 인스턴스 수 1
=======test_loader=======
=======dev_loader=======
=======train_labeled_loader=======
=======finish=======
>>Epoch 24 Step 23 acc_test 0.178971 f1_test 0.132110 acc_val 0.169205 f1_val 0.092858 acc_train 1.000000 f1_train 1.000000 psl_cor 0 psl_totl 0 pslt_global 0.800000  Tim 0:20:46
acc_train_cw(현재 train의 class별 acc) [1.0, 1.0, 1.0, 1.0, 1.0, 1.0, 1.0]
cw_psl_total_eval(이전 pseudo label 클래스별 총 샘플 수):  [0, 0, 0, 0, 0, 0, 0]
cw_psl_correct_eval(이전 pseudo label 클래스별 맞은 샘플 수):  [0, 0, 0, 0, 0, 0, 0]
psl_acc(PSL 평가에서의 정확도): None 
cw_psl_acc(이전 클래스별 PSL 평가에서의 정확도):  [nan, nan, nan, nan, nan, nan, nan]
tensor([[0.1277, 0.1506, 0.1507, 0.1543, 0.1421, 0.1373, 0.1374],
        [0.1457, 0.1478, 0.1378, 0.1412, 0.1537, 0.1335, 0.1403],
        [0.1556, 0.1403, 0.1407, 0.1377, 0.1537, 0.1375, 0.1345],
        [0.1415, 0.1397, 0.1423, 0.1491, 0.1494, 0.1404, 0.1376],
        [0.1404, 0.1375, 0.1444, 0.1530, 0.1495, 0.1456, 0.1297],
        [0.1669, 0.1369, 0.1350, 0.1389, 0.1517, 0.1348, 0.1357],
        [0.1531, 0.1476, 0.1442, 0.1379, 0.1554, 0.1370, 0.1248]],
       device='cuda:0')

line 303 => train data수 7
line 258 => 인스턴스 수 1
=======test_loader=======
=======dev_loader=======
=======train_labeled_loader=======
=======finish=======
>>Epoch 25 Step 24 acc_test 0.161074 f1_test 0.123772 acc_val 0.177665 f1_val 0.094596 acc_train 1.000000 f1_train 1.000000 psl_cor 0 psl_totl 0 pslt_global 0.800000  Tim 0:21:38
acc_train_cw(현재 train의 class별 acc) [1.0, 1.0, 1.0, 1.0, 1.0, 1.0, 1.0]
cw_psl_total_eval(이전 pseudo label 클래스별 총 샘플 수):  [0, 0, 0, 0, 0, 0, 0]
cw_psl_correct_eval(이전 pseudo label 클래스별 맞은 샘플 수):  [0, 0, 0, 0, 0, 0, 0]
psl_acc(PSL 평가에서의 정확도): None 
cw_psl_acc(이전 클래스별 PSL 평가에서의 정확도):  [nan, nan, nan, nan, nan, nan, nan]
tensor([[0.1328, 0.1497, 0.1485, 0.1575, 0.1393, 0.1366, 0.1356],
        [0.1476, 0.1461, 0.1336, 0.1423, 0.1454, 0.1367, 0.1484],
        [0.1566, 0.1402, 0.1394, 0.1367, 0.1512, 0.1410, 0.1349],
        [0.1474, 0.1355, 0.1395, 0.1466, 0.1503, 0.1432, 0.1375],
        [0.1407, 0.1404, 0.1448, 0.1533, 0.1456, 0.1435, 0.1317],
        [0.1718, 0.1368, 0.1365, 0.1331, 0.1568, 0.1326, 0.1324],
        [0.1491, 0.1459, 0.1501, 0.1419, 0.1478, 0.1377, 0.1275]],
       device='cuda:0')

line 303 => train data수 7
line 258 => 인스턴스 수 1
=======test_loader=======
=======dev_loader=======
=======train_labeled_loader=======
=======finish=======
>>Epoch 26 Step 25 acc_test 0.156600 f1_test 0.113103 acc_val 0.184433 f1_val 0.098424 acc_train 1.000000 f1_train 1.000000 psl_cor 0 psl_totl 0 pslt_global 0.800000  Tim 0:22:31
acc_train_cw(현재 train의 class별 acc) [1.0, 1.0, 1.0, 1.0, 1.0, 1.0, 1.0]
cw_psl_total_eval(이전 pseudo label 클래스별 총 샘플 수):  [0, 0, 0, 0, 0, 0, 0]
cw_psl_correct_eval(이전 pseudo label 클래스별 맞은 샘플 수):  [0, 0, 0, 0, 0, 0, 0]
psl_acc(PSL 평가에서의 정확도): None 
cw_psl_acc(이전 클래스별 PSL 평가에서의 정확도):  [nan, nan, nan, nan, nan, nan, nan]
tensor([[0.1335, 0.1507, 0.1487, 0.1511, 0.1421, 0.1382, 0.1358],
        [0.1550, 0.1416, 0.1323, 0.1389, 0.1580, 0.1324, 0.1418],
        [0.1559, 0.1422, 0.1374, 0.1387, 0.1528, 0.1391, 0.1340],
        [0.1487, 0.1332, 0.1437, 0.1472, 0.1475, 0.1424, 0.1373],
        [0.1444, 0.1402, 0.1423, 0.1510, 0.1457, 0.1440, 0.1323],
        [0.1691, 0.1375, 0.1349, 0.1393, 0.1538, 0.1325, 0.1327],
        [0.1479, 0.1495, 0.1500, 0.1366, 0.1583, 0.1368, 0.1210]],
       device='cuda:0')

line 303 => train data수 7
line 258 => 인스턴스 수 1
=======test_loader=======
=======dev_loader=======
=======train_labeled_loader=======
=======finish=======
>>Epoch 27 Step 26 acc_test 0.154362 f1_test 0.114090 acc_val 0.186125 f1_val 0.095972 acc_train 1.000000 f1_train 1.000000 psl_cor 0 psl_totl 0 pslt_global 0.800000  Tim 0:23:24
acc_train_cw(현재 train의 class별 acc) [1.0, 1.0, 1.0, 1.0, 1.0, 1.0, 1.0]
cw_psl_total_eval(이전 pseudo label 클래스별 총 샘플 수):  [0, 0, 0, 0, 0, 0, 0]
cw_psl_correct_eval(이전 pseudo label 클래스별 맞은 샘플 수):  [0, 0, 0, 0, 0, 0, 0]
psl_acc(PSL 평가에서의 정확도): None 
cw_psl_acc(이전 클래스별 PSL 평가에서의 정확도):  [nan, nan, nan, nan, nan, nan, nan]
Save model to ./experiment/few_shot/output/
tensor([[0.1320, 0.1500, 0.1519, 0.1483, 0.1416, 0.1433, 0.1329],
        [0.1499, 0.1442, 0.1325, 0.1416, 0.1486, 0.1342, 0.1489],
        [0.1534, 0.1373, 0.1364, 0.1393, 0.1581, 0.1412, 0.1345],
        [0.1423, 0.1387, 0.1405, 0.1504, 0.1449, 0.1432, 0.1400],
        [0.1399, 0.1397, 0.1469, 0.1504, 0.1490, 0.1485, 0.1257],
        [0.1699, 0.1360, 0.1347, 0.1406, 0.1512, 0.1309, 0.1366],
        [0.1500, 0.1483, 0.1424, 0.1390, 0.1552, 0.1378, 0.1273]],
       device='cuda:0')

line 303 => train data수 7
line 258 => 인스턴스 수 1
=======test_loader=======
=======dev_loader=======
=======train_labeled_loader=======
=======finish=======
>>Epoch 28 Step 27 acc_test 0.161074 f1_test 0.118068 acc_val 0.181049 f1_val 0.093871 acc_train 1.000000 f1_train 1.000000 psl_cor 0 psl_totl 0 pslt_global 0.800000  Tim 0:24:23
acc_train_cw(현재 train의 class별 acc) [1.0, 1.0, 1.0, 1.0, 1.0, 1.0, 1.0]
cw_psl_total_eval(이전 pseudo label 클래스별 총 샘플 수):  [0, 0, 0, 0, 0, 0, 0]
cw_psl_correct_eval(이전 pseudo label 클래스별 맞은 샘플 수):  [0, 0, 0, 0, 0, 0, 0]
psl_acc(PSL 평가에서의 정확도): None 
cw_psl_acc(이전 클래스별 PSL 평가에서의 정확도):  [nan, nan, nan, nan, nan, nan, nan]
tensor([[0.1313, 0.1497, 0.1540, 0.1524, 0.1428, 0.1353, 0.1345],
        [0.1531, 0.1453, 0.1352, 0.1373, 0.1533, 0.1366, 0.1392],
        [0.1517, 0.1379, 0.1392, 0.1421, 0.1496, 0.1435, 0.1361],
        [0.1433, 0.1366, 0.1443, 0.1451, 0.1473, 0.1452, 0.1382],
        [0.1460, 0.1410, 0.1443, 0.1503, 0.1458, 0.1469, 0.1258],
        [0.1672, 0.1369, 0.1362, 0.1351, 0.1562, 0.1345, 0.1340],
        [0.1526, 0.1457, 0.1438, 0.1438, 0.1507, 0.1373, 0.1262]],
       device='cuda:0')

line 303 => train data수 7
line 258 => 인스턴스 수 1
=======test_loader=======
=======dev_loader=======
=======train_labeled_loader=======
=======finish=======
>>Epoch 29 Step 28 acc_test 0.165548 f1_test 0.119629 acc_val 0.184433 f1_val 0.096871 acc_train 1.000000 f1_train 1.000000 psl_cor 0 psl_totl 0 pslt_global 0.800000  Tim 0:25:16
acc_train_cw(현재 train의 class별 acc) [1.0, 1.0, 1.0, 1.0, 1.0, 1.0, 1.0]
cw_psl_total_eval(이전 pseudo label 클래스별 총 샘플 수):  [0, 0, 0, 0, 0, 0, 0]
cw_psl_correct_eval(이전 pseudo label 클래스별 맞은 샘플 수):  [0, 0, 0, 0, 0, 0, 0]
psl_acc(PSL 평가에서의 정확도): None 
cw_psl_acc(이전 클래스별 PSL 평가에서의 정확도):  [nan, nan, nan, nan, nan, nan, nan]
tensor([[0.1312, 0.1532, 0.1534, 0.1522, 0.1415, 0.1351, 0.1333],
        [0.1512, 0.1439, 0.1338, 0.1339, 0.1565, 0.1351, 0.1456],
        [0.1580, 0.1377, 0.1408, 0.1356, 0.1569, 0.1406, 0.1304],
        [0.1489, 0.1400, 0.1392, 0.1418, 0.1529, 0.1478, 0.1294],
        [0.1457, 0.1361, 0.1405, 0.1533, 0.1448, 0.1517, 0.1279],
        [0.1685, 0.1359, 0.1346, 0.1358, 0.1549, 0.1345, 0.1359],
        [0.1492, 0.1445, 0.1488, 0.1446, 0.1518, 0.1381, 0.1229]],
       device='cuda:0')

line 303 => train data수 7
line 258 => 인스턴스 수 1
=======test_loader=======
=======dev_loader=======
=======train_labeled_loader=======
=======finish=======
>>Epoch 30 Step 29 acc_test 0.172260 f1_test 0.123259 acc_val 0.182741 f1_val 0.098827 acc_train 1.000000 f1_train 1.000000 psl_cor 0 psl_totl 0 pslt_global 0.800000  Tim 0:26:09
acc_train_cw(현재 train의 class별 acc) [1.0, 1.0, 1.0, 1.0, 1.0, 1.0, 1.0]
cw_psl_total_eval(이전 pseudo label 클래스별 총 샘플 수):  [0, 0, 0, 0, 0, 0, 0]
cw_psl_correct_eval(이전 pseudo label 클래스별 맞은 샘플 수):  [0, 0, 0, 0, 0, 0, 0]
psl_acc(PSL 평가에서의 정확도): None 
cw_psl_acc(이전 클래스별 PSL 평가에서의 정확도):  [nan, nan, nan, nan, nan, nan, nan]
tensor([[0.1345, 0.1503, 0.1504, 0.1567, 0.1375, 0.1374, 0.1333],
        [0.1487, 0.1450, 0.1355, 0.1373, 0.1526, 0.1348, 0.1460],
        [0.1589, 0.1377, 0.1389, 0.1370, 0.1529, 0.1410, 0.1335],
        [0.1447, 0.1352, 0.1442, 0.1428, 0.1490, 0.1483, 0.1359],
        [0.1452, 0.1392, 0.1477, 0.1441, 0.1524, 0.1468, 0.1246],
        [0.1693, 0.1371, 0.1332, 0.1319, 0.1564, 0.1361, 0.1359],
        [0.1532, 0.1500, 0.1454, 0.1364, 0.1499, 0.1396, 0.1256]],
       device='cuda:0')

line 303 => train data수 7
line 258 => 인스턴스 수 1
=======test_loader=======
=======dev_loader=======
=======train_labeled_loader=======
=======finish=======
>>Epoch 31 Step 30 acc_test 0.190157 f1_test 0.140823 acc_val 0.177665 f1_val 0.098268 acc_train 1.000000 f1_train 1.000000 psl_cor 0 psl_totl 0 pslt_global 0.800000  Tim 0:27:02
acc_train_cw(현재 train의 class별 acc) [1.0, 1.0, 1.0, 1.0, 1.0, 1.0, 1.0]
cw_psl_total_eval(이전 pseudo label 클래스별 총 샘플 수):  [0, 0, 0, 0, 0, 0, 0]
cw_psl_correct_eval(이전 pseudo label 클래스별 맞은 샘플 수):  [0, 0, 0, 0, 0, 0, 0]
psl_acc(PSL 평가에서의 정확도): None 
cw_psl_acc(이전 클래스별 PSL 평가에서의 정확도):  [nan, nan, nan, nan, nan, nan, nan]
tensor([[0.1287, 0.1504, 0.1551, 0.1507, 0.1411, 0.1400, 0.1340],
        [0.1449, 0.1496, 0.1330, 0.1382, 0.1474, 0.1403, 0.1466],
        [0.1543, 0.1375, 0.1391, 0.1342, 0.1595, 0.1450, 0.1305],
        [0.1432, 0.1402, 0.1421, 0.1456, 0.1522, 0.1485, 0.1283],
        [0.1441, 0.1389, 0.1438, 0.1458, 0.1560, 0.1482, 0.1233],
        [0.1742, 0.1326, 0.1329, 0.1340, 0.1560, 0.1336, 0.1367],
        [0.1524, 0.1484, 0.1446, 0.1348, 0.1542, 0.1401, 0.1254]],
       device='cuda:0')

line 303 => train data수 7
line 258 => 인스턴스 수 1
=======test_loader=======
=======dev_loader=======
=======train_labeled_loader=======
=======finish=======
>>Epoch 32 Step 31 acc_test 0.208054 f1_test 0.148444 acc_val 0.172589 f1_val 0.096702 acc_train 1.000000 f1_train 1.000000 psl_cor 0 psl_totl 0 pslt_global 0.800000  Tim 0:27:55
acc_train_cw(현재 train의 class별 acc) [1.0, 1.0, 1.0, 1.0, 1.0, 1.0, 1.0]
cw_psl_total_eval(이전 pseudo label 클래스별 총 샘플 수):  [0, 0, 0, 0, 0, 0, 0]
cw_psl_correct_eval(이전 pseudo label 클래스별 맞은 샘플 수):  [0, 0, 0, 0, 0, 0, 0]
psl_acc(PSL 평가에서의 정확도): None 
cw_psl_acc(이전 클래스별 PSL 평가에서의 정확도):  [nan, nan, nan, nan, nan, nan, nan]
tensor([[0.1319, 0.1517, 0.1545, 0.1510, 0.1378, 0.1391, 0.1339],
        [0.1537, 0.1452, 0.1304, 0.1351, 0.1541, 0.1344, 0.1470],
        [0.1564, 0.1371, 0.1379, 0.1354, 0.1551, 0.1436, 0.1343],
        [0.1443, 0.1404, 0.1389, 0.1432, 0.1485, 0.1530, 0.1317],
        [0.1449, 0.1406, 0.1436, 0.1460, 0.1496, 0.1474, 0.1280],
        [0.1767, 0.1327, 0.1349, 0.1347, 0.1582, 0.1332, 0.1297],
        [0.1534, 0.1501, 0.1461, 0.1378, 0.1502, 0.1394, 0.1229]],
       device='cuda:0')

line 303 => train data수 7
line 258 => 인스턴스 수 1
=======test_loader=======
=======dev_loader=======
=======train_labeled_loader=======
=======finish=======
>>Epoch 33 Step 32 acc_test 0.214765 f1_test 0.150934 acc_val 0.172589 f1_val 0.096746 acc_train 1.000000 f1_train 1.000000 psl_cor 0 psl_totl 0 pslt_global 0.800000  Tim 0:28:48
acc_train_cw(현재 train의 class별 acc) [1.0, 1.0, 1.0, 1.0, 1.0, 1.0, 1.0]
cw_psl_total_eval(이전 pseudo label 클래스별 총 샘플 수):  [0, 0, 0, 0, 0, 0, 0]
cw_psl_correct_eval(이전 pseudo label 클래스별 맞은 샘플 수):  [0, 0, 0, 0, 0, 0, 0]
psl_acc(PSL 평가에서의 정확도): None 
cw_psl_acc(이전 클래스별 PSL 평가에서의 정확도):  [nan, nan, nan, nan, nan, nan, nan]
tensor([[0.1308, 0.1481, 0.1511, 0.1522, 0.1377, 0.1451, 0.1350],
        [0.1562, 0.1438, 0.1301, 0.1366, 0.1532, 0.1313, 0.1488],
        [0.1565, 0.1369, 0.1352, 0.1378, 0.1550, 0.1423, 0.1363],
        [0.1475, 0.1359, 0.1426, 0.1411, 0.1513, 0.1496, 0.1319],
        [0.1434, 0.1370, 0.1448, 0.1488, 0.1479, 0.1528, 0.1253],
        [0.1748, 0.1333, 0.1349, 0.1316, 0.1599, 0.1315, 0.1340],
        [0.1514, 0.1492, 0.1467, 0.1361, 0.1518, 0.1396, 0.1253]],
       device='cuda:0')

line 303 => train data수 7
line 258 => 인스턴스 수 1
=======test_loader=======
=======dev_loader=======
=======train_labeled_loader=======
=======finish=======
>>Epoch 34 Step 33 acc_test 0.210291 f1_test 0.150081 acc_val 0.170897 f1_val 0.095631 acc_train 1.000000 f1_train 1.000000 psl_cor 0 psl_totl 0 pslt_global 0.800000  Tim 0:29:41
acc_train_cw(현재 train의 class별 acc) [1.0, 1.0, 1.0, 1.0, 1.0, 1.0, 1.0]
cw_psl_total_eval(이전 pseudo label 클래스별 총 샘플 수):  [0, 0, 0, 0, 0, 0, 0]
cw_psl_correct_eval(이전 pseudo label 클래스별 맞은 샘플 수):  [0, 0, 0, 0, 0, 0, 0]
psl_acc(PSL 평가에서의 정확도): None 
cw_psl_acc(이전 클래스별 PSL 평가에서의 정확도):  [nan, nan, nan, nan, nan, nan, nan]
tensor([[0.1270, 0.1527, 0.1535, 0.1573, 0.1378, 0.1363, 0.1354],
        [0.1549, 0.1419, 0.1310, 0.1323, 0.1562, 0.1370, 0.1467],
        [0.1559, 0.1369, 0.1386, 0.1373, 0.1552, 0.1406, 0.1355],
        [0.1441, 0.1392, 0.1406, 0.1413, 0.1503, 0.1480, 0.1366],
        [0.1396, 0.1378, 0.1417, 0.1536, 0.1466, 0.1529, 0.1278],
        [0.1678, 0.1394, 0.1309, 0.1311, 0.1623, 0.1342, 0.1344],
        [0.1506, 0.1490, 0.1500, 0.1374, 0.1524, 0.1369, 0.1238]],
       device='cuda:0')

line 303 => train data수 7
line 258 => 인스턴스 수 1
=======test_loader=======
=======dev_loader=======
=======train_labeled_loader=======
=======finish=======
>>Epoch 35 Step 34 acc_test 0.181208 f1_test 0.128246 acc_val 0.181049 f1_val 0.098910 acc_train 1.000000 f1_train 1.000000 psl_cor 0 psl_totl 0 pslt_global 0.800000  Tim 0:30:34
acc_train_cw(현재 train의 class별 acc) [1.0, 1.0, 1.0, 1.0, 1.0, 1.0, 1.0]
cw_psl_total_eval(이전 pseudo label 클래스별 총 샘플 수):  [0, 0, 0, 0, 0, 0, 0]
