current work directory:  /home/imsuhan22/few-shot-tc/JointMatch_SSL/codebert/code
python_extended_data
save_name: 10_unixcoder-base_0.0001_0.7_20_python_extended_data

data_path:  ../data/../data/problem_based_split/python_extended_data

There are 1 GPU(s) available.
We will use the GPU- 0 NVIDIA GeForce RTX 3090

**line 147 모델 =>  microsoft/unixcoder-base
**tokenizer type =  microsoft/unixcoder-base 

n_labeled_per_class:  10
train_df samples: 3974
train_labeled_df samples: 70
train_unlabeled_df samples: 3904
n_classes:  7 

net_arch:  microsoft/unixcoder-base lr:  0.0001

line 303 => train data수 70
line 258 => 인스턴스 수 10
=======test_loader=======
=======dev_loader=======
=======train_labeled_loader=======
=======finish=======
>>Epoch 1 Step 0 acc_test 0.075820 f1_test 0.062016 acc_val 0.149837 f1_val 0.061028 acc_train 0.171429 f1_train 0.095116 psl_cor 0 psl_totl 0 pslt_global 0.000000  Tim 0:00:11
acc_train_cw(현재 train의 class별 acc) [0.0, 0.1, 0.0, 0.2, 0.9, 0.0, 0.0]
cw_psl_total_eval(이전 pseudo label 클래스별 총 샘플 수):  [0, 0, 0, 0, 0, 0, 0]
cw_psl_correct_eval(이전 pseudo label 클래스별 맞은 샘플 수):  [0, 0, 0, 0, 0, 0, 0]
psl_acc(PSL 평가에서의 정확도): None 
cw_psl_acc(이전 클래스별 PSL 평가에서의 정확도):  [nan, nan, nan, nan, nan, nan, nan]
Save model to ./experiment/few_shot/output/
tensor([[0.1761, 0.1038, 0.1936, 0.1129, 0.1740, 0.1078, 0.1319],
        [0.2070, 0.0900, 0.1347, 0.1228, 0.1997, 0.1282, 0.1175],
        [0.1589, 0.0917, 0.2262, 0.1223, 0.1499, 0.1207, 0.1302],
        [0.1595, 0.0921, 0.1957, 0.1493, 0.1603, 0.1216, 0.1214],
        [0.1602, 0.1025, 0.1918, 0.1397, 0.1564, 0.1258, 0.1237],
        [0.1683, 0.0908, 0.1700, 0.1550, 0.2002, 0.1130, 0.1028],
        [0.1765, 0.0878, 0.1995, 0.1361, 0.1649, 0.1295, 0.1056]],
       device='cuda:0')

line 303 => train data수 70
line 258 => 인스턴스 수 10
=======test_loader=======
=======dev_loader=======
=======train_labeled_loader=======
=======finish=======
>>Epoch 2 Step 10 acc_test 0.122951 f1_test 0.031283 acc_val 0.228013 f1_val 0.053050 acc_train 0.142857 f1_train 0.035714 psl_cor 0 psl_totl 0 pslt_global 0.700000  Tim 0:01:08
acc_train_cw(현재 train의 class별 acc) [0.0, 0.0, 1.0, 0.0, 0.0, 0.0, 0.0]
cw_psl_total_eval(이전 pseudo label 클래스별 총 샘플 수):  [0, 0, 0, 0, 0, 0, 0]
cw_psl_correct_eval(이전 pseudo label 클래스별 맞은 샘플 수):  [0, 0, 0, 0, 0, 0, 0]
psl_acc(PSL 평가에서의 정확도): None 
cw_psl_acc(이전 클래스별 PSL 평가에서의 정확도):  [nan, nan, nan, nan, nan, nan, nan]
Save model to ./experiment/few_shot/output/
tensor([[0.2106, 0.1258, 0.1331, 0.1277, 0.0924, 0.1300, 0.1803],
        [0.1820, 0.1282, 0.1288, 0.1519, 0.1226, 0.1387, 0.1477],
        [0.2038, 0.1302, 0.1335, 0.1189, 0.0968, 0.1480, 0.1688],
        [0.1896, 0.1490, 0.1119, 0.1436, 0.1293, 0.1322, 0.1444],
        [0.1937, 0.1395, 0.1108, 0.1377, 0.1122, 0.1583, 0.1478],
        [0.2239, 0.1201, 0.1136, 0.1282, 0.1070, 0.1539, 0.1533],
        [0.1840, 0.1400, 0.1009, 0.1423, 0.1161, 0.1509, 0.1658]],
       device='cuda:0')

line 303 => train data수 70
line 258 => 인스턴스 수 10
=======test_loader=======
=======dev_loader=======
=======train_labeled_loader=======
=======finish=======
>>Epoch 3 Step 20 acc_test 0.077869 f1_test 0.020641 acc_val 0.091205 f1_val 0.023881 acc_train 0.142857 f1_train 0.035714 psl_cor 0 psl_totl 0 pslt_global 0.700000  Tim 0:02:12
acc_train_cw(현재 train의 class별 acc) [1.0, 0.0, 0.0, 0.0, 0.0, 0.0, 0.0]
cw_psl_total_eval(이전 pseudo label 클래스별 총 샘플 수):  [0, 0, 0, 0, 0, 0, 0]
cw_psl_correct_eval(이전 pseudo label 클래스별 맞은 샘플 수):  [0, 0, 0, 0, 0, 0, 0]
psl_acc(PSL 평가에서의 정확도): None 
cw_psl_acc(이전 클래스별 PSL 평가에서의 정확도):  [nan, nan, nan, nan, nan, nan, nan]
tensor([[0.1024, 0.2021, 0.1248, 0.1621, 0.1049, 0.1477, 0.1560],
        [0.1109, 0.2394, 0.1100, 0.1709, 0.1035, 0.1207, 0.1446],
        [0.1047, 0.2210, 0.1177, 0.1525, 0.1194, 0.1493, 0.1355],
        [0.1026, 0.2216, 0.1141, 0.1874, 0.0963, 0.1366, 0.1414],
        [0.1005, 0.2200, 0.1323, 0.1747, 0.1008, 0.1216, 0.1500],
        [0.1006, 0.2173, 0.1195, 0.1680, 0.0970, 0.1384, 0.1592],
        [0.1189, 0.0919, 0.4187, 0.0848, 0.0751, 0.1543, 0.0562]],
       device='cuda:0')

line 303 => train data수 77
line 258 => 인스턴스 수 11
=======test_loader=======
=======dev_loader=======
=======train_labeled_loader=======
=======finish=======
>>Epoch 4 Step 30 acc_test 0.278689 f1_test 0.062271 acc_val 0.006515 f1_val 0.001849 acc_train 0.129870 f1_train 0.032841 psl_cor 2 psl_totl 7 pslt_global 0.700000  Tim 0:02:58
acc_train_cw(현재 train의 class별 acc) [0.0, 1.0, 0.0, 0.0, 0.0, 0.0, 0.0]
cw_psl_total_eval(이전 pseudo label 클래스별 총 샘플 수):  [0, 0, 7, 0, 0, 0, 0]
cw_psl_correct_eval(이전 pseudo label 클래스별 맞은 샘플 수):  [0, 0, 2, 0, 0, 0, 0]
psl_acc(이전 PSL 평가에서의 정확도):  0.286 
cw_psl_acc(이전 클래스별 PSL 평가에서의 정확도):  [nan, nan, 0.2857142984867096, nan, nan, nan, nan]
tensor([[0.1210, 0.0988, 0.2047, 0.1322, 0.1343, 0.1686, 0.1403],
        [0.1250, 0.1213, 0.1886, 0.1226, 0.1462, 0.1719, 0.1244],
        [0.1462, 0.1214, 0.2268, 0.1219, 0.1127, 0.1328, 0.1383],
        [0.1374, 0.1063, 0.1836, 0.1423, 0.1635, 0.1558, 0.1111],
        [0.1209, 0.1083, 0.2001, 0.1310, 0.1226, 0.1753, 0.1418],
        [0.1309, 0.0994, 0.2146, 0.1187, 0.1477, 0.1512, 0.1374],
        [0.1300, 0.1137, 0.2047, 0.1440, 0.1277, 0.1614, 0.1185]],
       device='cuda:0')

line 303 => train data수 78
line 258 => 인스턴스 수 12
=======test_loader=======
=======dev_loader=======
=======train_labeled_loader=======
=======finish=======
>>Epoch 5 Step 41 acc_test 0.122951 f1_test 0.031283 acc_val 0.228013 f1_val 0.053050 acc_train 0.230769 f1_train 0.053571 psl_cor 0 psl_totl 1 pslt_global 0.700000  Tim 0:03:56
acc_train_cw(현재 train의 class별 acc) [0.0, 0.0, 1.0, 0.0, 0.0, 0.0, 0.0]
cw_psl_total_eval(이전 pseudo label 클래스별 총 샘플 수):  [0, 0, 1, 0, 0, 0, 0]
cw_psl_correct_eval(이전 pseudo label 클래스별 맞은 샘플 수):  [0, 0, 0, 0, 0, 0, 0]
psl_acc(이전 PSL 평가에서의 정확도):  0.0 
cw_psl_acc(이전 클래스별 PSL 평가에서의 정확도):  [nan, nan, 0.0, nan, nan, nan, nan]
train batch instace수가 7안됨 pass
tensor([[0.1347, 0.1079, 0.2784, 0.1223, 0.1151, 0.1154, 0.1262],
        [0.1573, 0.1089, 0.2308, 0.1179, 0.1289, 0.1271, 0.1290],
        [0.1513, 0.1139, 0.2477, 0.1185, 0.1199, 0.1248, 0.1240],
        [0.1869, 0.1269, 0.1888, 0.1162, 0.1082, 0.1161, 0.1570],
        [0.1565, 0.1216, 0.2406, 0.1292, 0.1341, 0.1057, 0.1123],
        [0.1613, 0.1222, 0.2518, 0.1196, 0.1037, 0.1232, 0.1181],
        [0.1757, 0.1133, 0.2403, 0.1289, 0.1091, 0.1061, 0.1265]],
       device='cuda:0')

line 303 => train data수 78
line 258 => 인스턴스 수 12
=======test_loader=======
=======dev_loader=======
=======train_labeled_loader=======
=======finish=======
>>Epoch 6 Step 53 acc_test 0.122951 f1_test 0.031283 acc_val 0.228013 f1_val 0.053050 acc_train 0.230769 f1_train 0.053571 psl_cor 0 psl_totl 0 pslt_global 0.700000  Tim 0:04:54
acc_train_cw(현재 train의 class별 acc) [0.0, 0.0, 1.0, 0.0, 0.0, 0.0, 0.0]
cw_psl_total_eval(이전 pseudo label 클래스별 총 샘플 수):  [0, 0, 0, 0, 0, 0, 0]
cw_psl_correct_eval(이전 pseudo label 클래스별 맞은 샘플 수):  [0, 0, 0, 0, 0, 0, 0]
psl_acc(PSL 평가에서의 정확도): None 
cw_psl_acc(이전 클래스별 PSL 평가에서의 정확도):  [nan, nan, nan, nan, nan, nan, nan]
train batch instace수가 7안됨 pass
tensor([[0.1281, 0.1385, 0.2119, 0.1001, 0.1100, 0.1177, 0.1936],
        [0.1183, 0.1190, 0.2155, 0.1037, 0.1592, 0.1228, 0.1614],
        [0.1228, 0.1577, 0.2114, 0.1023, 0.1141, 0.1201, 0.1716],
        [0.1314, 0.1410, 0.2091, 0.1109, 0.1316, 0.1102, 0.1656],
        [0.1251, 0.1400, 0.2485, 0.0854, 0.1257, 0.1207, 0.1546],
        [0.1282, 0.1584, 0.2096, 0.0983, 0.1091, 0.1239, 0.1725],
        [0.1049, 0.1274, 0.2698, 0.1046, 0.1137, 0.1172, 0.1624]],
       device='cuda:0')

line 303 => train data수 78
line 258 => 인스턴스 수 12
=======test_loader=======
=======dev_loader=======
=======train_labeled_loader=======
=======finish=======
>>Epoch 7 Step 65 acc_test 0.122951 f1_test 0.031283 acc_val 0.228013 f1_val 0.053050 acc_train 0.230769 f1_train 0.053571 psl_cor 0 psl_totl 0 pslt_global 0.700000  Tim 0:05:40
acc_train_cw(현재 train의 class별 acc) [0.0, 0.0, 1.0, 0.0, 0.0, 0.0, 0.0]
cw_psl_total_eval(이전 pseudo label 클래스별 총 샘플 수):  [0, 0, 0, 0, 0, 0, 0]
cw_psl_correct_eval(이전 pseudo label 클래스별 맞은 샘플 수):  [0, 0, 0, 0, 0, 0, 0]
psl_acc(PSL 평가에서의 정확도): None 
cw_psl_acc(이전 클래스별 PSL 평가에서의 정확도):  [nan, nan, nan, nan, nan, nan, nan]
train batch instace수가 7안됨 pass
tensor([[0.1227, 0.1709, 0.1501, 0.1146, 0.1307, 0.1709, 0.1401],
        [0.1432, 0.1445, 0.1648, 0.1153, 0.1208, 0.1792, 0.1322],
        [0.1428, 0.1417, 0.1483, 0.1307, 0.1282, 0.1846, 0.1238],
        [0.1360, 0.1563, 0.1659, 0.1225, 0.1245, 0.1767, 0.1182],
        [0.1489, 0.1318, 0.1633, 0.1347, 0.1078, 0.1875, 0.1260],
        [0.1122, 0.1542, 0.1793, 0.1282, 0.1252, 0.1477, 0.1531],
        [0.1414, 0.1309, 0.1814, 0.1221, 0.1018, 0.1792, 0.1432]],
       device='cuda:0')

line 303 => train data수 78
line 258 => 인스턴스 수 12
=======test_loader=======
=======dev_loader=======
=======train_labeled_loader=======
=======finish=======
>>Epoch 8 Step 77 acc_test 0.122951 f1_test 0.031283 acc_val 0.228013 f1_val 0.053050 acc_train 0.230769 f1_train 0.053571 psl_cor 0 psl_totl 0 pslt_global 0.700000  Tim 0:06:39
acc_train_cw(현재 train의 class별 acc) [0.0, 0.0, 1.0, 0.0, 0.0, 0.0, 0.0]
cw_psl_total_eval(이전 pseudo label 클래스별 총 샘플 수):  [0, 0, 0, 0, 0, 0, 0]
cw_psl_correct_eval(이전 pseudo label 클래스별 맞은 샘플 수):  [0, 0, 0, 0, 0, 0, 0]
psl_acc(PSL 평가에서의 정확도): None 
cw_psl_acc(이전 클래스별 PSL 평가에서의 정확도):  [nan, nan, nan, nan, nan, nan, nan]
train batch instace수가 7안됨 pass
tensor([[0.1203, 0.1432, 0.2710, 0.1633, 0.0934, 0.1037, 0.1051],
        [0.0977, 0.1075, 0.3325, 0.1763, 0.1006, 0.0936, 0.0919],
        [0.1307, 0.1377, 0.2706, 0.1573, 0.1053, 0.1007, 0.0976],
        [0.1068, 0.1434, 0.2693, 0.1493, 0.1085, 0.1088, 0.1138],
        [0.1385, 0.1358, 0.3096, 0.1414, 0.1002, 0.0805, 0.0939],
        [0.1594, 0.1139, 0.2278, 0.1400, 0.1114, 0.1959, 0.0517],
        [0.1176, 0.1300, 0.3085, 0.1557, 0.1044, 0.0958, 0.0879]],
       device='cuda:0')

line 303 => train data수 78
line 258 => 인스턴스 수 12
=======test_loader=======
=======dev_loader=======
=======train_labeled_loader=======
=======finish=======
>>Epoch 9 Step 89 acc_test 0.122951 f1_test 0.031283 acc_val 0.228013 f1_val 0.053050 acc_train 0.230769 f1_train 0.053571 psl_cor 0 psl_totl 0 pslt_global 0.700000  Tim 0:07:36
acc_train_cw(현재 train의 class별 acc) [0.0, 0.0, 1.0, 0.0, 0.0, 0.0, 0.0]
cw_psl_total_eval(이전 pseudo label 클래스별 총 샘플 수):  [0, 0, 0, 0, 0, 0, 0]
cw_psl_correct_eval(이전 pseudo label 클래스별 맞은 샘플 수):  [0, 0, 0, 0, 0, 0, 0]
psl_acc(PSL 평가에서의 정확도): None 
cw_psl_acc(이전 클래스별 PSL 평가에서의 정확도):  [nan, nan, nan, nan, nan, nan, nan]
train batch instace수가 7안됨 pass
tensor([[0.1607, 0.1365, 0.1710, 0.1259, 0.1408, 0.1319, 0.1332],
        [0.1322, 0.1268, 0.2065, 0.1237, 0.1542, 0.1330, 0.1235],
        [0.1599, 0.1321, 0.1657, 0.1195, 0.1459, 0.1373, 0.1396],
        [0.1371, 0.1295, 0.2050, 0.1210, 0.1401, 0.1366, 0.1307],
        [0.1374, 0.1373, 0.1832, 0.1414, 0.1406, 0.1320, 0.1281],
        [0.1364, 0.1243, 0.1933, 0.1187, 0.1412, 0.1603, 0.1259],
        [0.1546, 0.1494, 0.1811, 0.1153, 0.1399, 0.1301, 0.1295]],
       device='cuda:0')

line 303 => train data수 78
line 258 => 인스턴스 수 12
=======test_loader=======
=======dev_loader=======
=======train_labeled_loader=======
=======finish=======
>>Epoch 10 Step 101 acc_test 0.122951 f1_test 0.031283 acc_val 0.228013 f1_val 0.053050 acc_train 0.230769 f1_train 0.053571 psl_cor 0 psl_totl 0 pslt_global 0.700000  Tim 0:08:22
acc_train_cw(현재 train의 class별 acc) [0.0, 0.0, 1.0, 0.0, 0.0, 0.0, 0.0]
cw_psl_total_eval(이전 pseudo label 클래스별 총 샘플 수):  [0, 0, 0, 0, 0, 0, 0]
cw_psl_correct_eval(이전 pseudo label 클래스별 맞은 샘플 수):  [0, 0, 0, 0, 0, 0, 0]
psl_acc(PSL 평가에서의 정확도): None 
cw_psl_acc(이전 클래스별 PSL 평가에서의 정확도):  [nan, nan, nan, nan, nan, nan, nan]
train batch instace수가 7안됨 pass
tensor([[0.1234, 0.1340, 0.2066, 0.1166, 0.1323, 0.1295, 0.1576],
        [0.1239, 0.1155, 0.2440, 0.1078, 0.1226, 0.1284, 0.1578],
        [0.1582, 0.1225, 0.2230, 0.1077, 0.1251, 0.1236, 0.1400],
        [0.1439, 0.1284, 0.2153, 0.1124, 0.1193, 0.1298, 0.1509],
        [0.1406, 0.1403, 0.2302, 0.1004, 0.1151, 0.1215, 0.1520],
        [0.1340, 0.1226, 0.2405, 0.1111, 0.1177, 0.1274, 0.1468],
        [0.1495, 0.1242, 0.2264, 0.1202, 0.1212, 0.1019, 0.1566]],
       device='cuda:0')

line 303 => train data수 78
line 258 => 인스턴스 수 12
=======test_loader=======
=======dev_loader=======
=======train_labeled_loader=======
=======finish=======
>>Epoch 11 Step 113 acc_test 0.122951 f1_test 0.031283 acc_val 0.228013 f1_val 0.053050 acc_train 0.230769 f1_train 0.053571 psl_cor 0 psl_totl 0 pslt_global 0.700000  Tim 0:09:22
acc_train_cw(현재 train의 class별 acc) [0.0, 0.0, 1.0, 0.0, 0.0, 0.0, 0.0]
cw_psl_total_eval(이전 pseudo label 클래스별 총 샘플 수):  [0, 0, 0, 0, 0, 0, 0]
cw_psl_correct_eval(이전 pseudo label 클래스별 맞은 샘플 수):  [0, 0, 0, 0, 0, 0, 0]
psl_acc(PSL 평가에서의 정확도): None 
cw_psl_acc(이전 클래스별 PSL 평가에서의 정확도):  [nan, nan, nan, nan, nan, nan, nan]
train batch instace수가 7안됨 pass
tensor([[0.1226, 0.1104, 0.2174, 0.1235, 0.1469, 0.1195, 0.1597],
        [0.1294, 0.1167, 0.2204, 0.1076, 0.1727, 0.1237, 0.1294],
        [0.1196, 0.1009, 0.2452, 0.1257, 0.1501, 0.1469, 0.1117],
        [0.1401, 0.1086, 0.2115, 0.1289, 0.1633, 0.1277, 0.1199],
        [0.1230, 0.1164, 0.2483, 0.1039, 0.1463, 0.1222, 0.1398],
        [0.1380, 0.1232, 0.2252, 0.1039, 0.1425, 0.1227, 0.1446],
        [0.1147, 0.1090, 0.2265, 0.1118, 0.1730, 0.1259, 0.1391]],
       device='cuda:0')

line 303 => train data수 78
line 258 => 인스턴스 수 12
=======test_loader=======
=======dev_loader=======
=======train_labeled_loader=======
=======finish=======
>>Epoch 12 Step 125 acc_test 0.122951 f1_test 0.031283 acc_val 0.228013 f1_val 0.053050 acc_train 0.230769 f1_train 0.053571 psl_cor 0 psl_totl 0 pslt_global 0.700000  Tim 0:10:18
acc_train_cw(현재 train의 class별 acc) [0.0, 0.0, 1.0, 0.0, 0.0, 0.0, 0.0]
cw_psl_total_eval(이전 pseudo label 클래스별 총 샘플 수):  [0, 0, 0, 0, 0, 0, 0]
cw_psl_correct_eval(이전 pseudo label 클래스별 맞은 샘플 수):  [0, 0, 0, 0, 0, 0, 0]
psl_acc(PSL 평가에서의 정확도): None 
cw_psl_acc(이전 클래스별 PSL 평가에서의 정확도):  [nan, nan, nan, nan, nan, nan, nan]
train batch instace수가 7안됨 pass
tensor([[0.1308, 0.1568, 0.1693, 0.1252, 0.1493, 0.1449, 0.1237],
        [0.1363, 0.1487, 0.1696, 0.1473, 0.1313, 0.1284, 0.1384],
        [0.1375, 0.1582, 0.1656, 0.1512, 0.1223, 0.1478, 0.1175],
        [0.1351, 0.1578, 0.1538, 0.1379, 0.1679, 0.1211, 0.1264],
        [0.1148, 0.1512, 0.1788, 0.1281, 0.1288, 0.1502, 0.1481],
        [0.1348, 0.1684, 0.1462, 0.1165, 0.1592, 0.1326, 0.1423],
        [0.1287, 0.1489, 0.1715, 0.1430, 0.1434, 0.1431, 0.1214]],
       device='cuda:0')

line 303 => train data수 78
line 258 => 인스턴스 수 12
=======test_loader=======
=======dev_loader=======
=======train_labeled_loader=======
=======finish=======
>>Epoch 13 Step 137 acc_test 0.122951 f1_test 0.031283 acc_val 0.228013 f1_val 0.053050 acc_train 0.230769 f1_train 0.053571 psl_cor 0 psl_totl 0 pslt_global 0.700000  Tim 0:11:04
acc_train_cw(현재 train의 class별 acc) [0.0, 0.0, 1.0, 0.0, 0.0, 0.0, 0.0]
cw_psl_total_eval(이전 pseudo label 클래스별 총 샘플 수):  [0, 0, 0, 0, 0, 0, 0]
cw_psl_correct_eval(이전 pseudo label 클래스별 맞은 샘플 수):  [0, 0, 0, 0, 0, 0, 0]
psl_acc(PSL 평가에서의 정확도): None 
cw_psl_acc(이전 클래스별 PSL 평가에서의 정확도):  [nan, nan, nan, nan, nan, nan, nan]
train batch instace수가 7안됨 pass
tensor([[0.1344, 0.1264, 0.2780, 0.1455, 0.0876, 0.0984, 0.1296],
        [0.1335, 0.1256, 0.2617, 0.1426, 0.1038, 0.1199, 0.1129],
        [0.1399, 0.1316, 0.2813, 0.1598, 0.0812, 0.1005, 0.1057],
        [0.1208, 0.1312, 0.2924, 0.1523, 0.0823, 0.1099, 0.1112],
        [0.1353, 0.1294, 0.2583, 0.1536, 0.0698, 0.1264, 0.1272],
        [0.1382, 0.1082, 0.3502, 0.1349, 0.0474, 0.1336, 0.0874],
        [0.1457, 0.1517, 0.2434, 0.1438, 0.0717, 0.1192, 0.1246]],
       device='cuda:0')

line 303 => train data수 78
line 258 => 인스턴스 수 12
=======test_loader=======
=======dev_loader=======
=======train_labeled_loader=======
=======finish=======
>>Epoch 14 Step 149 acc_test 0.122951 f1_test 0.031283 acc_val 0.228013 f1_val 0.053050 acc_train 0.230769 f1_train 0.053571 psl_cor 0 psl_totl 0 pslt_global 0.700000  Tim 0:12:05
acc_train_cw(현재 train의 class별 acc) [0.0, 0.0, 1.0, 0.0, 0.0, 0.0, 0.0]
cw_psl_total_eval(이전 pseudo label 클래스별 총 샘플 수):  [0, 0, 0, 0, 0, 0, 0]
cw_psl_correct_eval(이전 pseudo label 클래스별 맞은 샘플 수):  [0, 0, 0, 0, 0, 0, 0]
psl_acc(PSL 평가에서의 정확도): None 
cw_psl_acc(이전 클래스별 PSL 평가에서의 정확도):  [nan, nan, nan, nan, nan, nan, nan]
train batch instace수가 7안됨 pass
tensor([[0.1162, 0.1111, 0.2459, 0.1266, 0.1299, 0.1482, 0.1222],
        [0.1362, 0.1254, 0.2198, 0.1269, 0.1401, 0.1482, 0.1033],
        [0.1399, 0.1156, 0.2146, 0.1491, 0.1226, 0.1328, 0.1253],
        [0.1390, 0.1406, 0.2168, 0.1257, 0.1131, 0.1315, 0.1334],
        [0.1410, 0.1250, 0.1912, 0.1245, 0.1495, 0.1301, 0.1387],
        [0.1413, 0.1425, 0.2039, 0.1244, 0.1273, 0.1308, 0.1298],
        [0.1136, 0.1425, 0.2207, 0.1374, 0.1282, 0.1103, 0.1472]],
       device='cuda:0')

line 303 => train data수 78
line 258 => 인스턴스 수 12
=======test_loader=======
=======dev_loader=======
=======train_labeled_loader=======
=======finish=======
>>Epoch 15 Step 161 acc_test 0.122951 f1_test 0.031283 acc_val 0.228013 f1_val 0.053050 acc_train 0.230769 f1_train 0.053571 psl_cor 0 psl_totl 0 pslt_global 0.700000  Tim 0:12:59
acc_train_cw(현재 train의 class별 acc) [0.0, 0.0, 1.0, 0.0, 0.0, 0.0, 0.0]
cw_psl_total_eval(이전 pseudo label 클래스별 총 샘플 수):  [0, 0, 0, 0, 0, 0, 0]
cw_psl_correct_eval(이전 pseudo label 클래스별 맞은 샘플 수):  [0, 0, 0, 0, 0, 0, 0]
psl_acc(PSL 평가에서의 정확도): None 
cw_psl_acc(이전 클래스별 PSL 평가에서의 정확도):  [nan, nan, nan, nan, nan, nan, nan]
train batch instace수가 7안됨 pass
tensor([[0.1106, 0.1051, 0.2278, 0.1290, 0.1630, 0.1393, 0.1252],
        [0.1082, 0.1267, 0.2345, 0.1126, 0.1318, 0.1446, 0.1416],
        [0.1049, 0.1056, 0.2284, 0.1166, 0.1743, 0.1264, 0.1438],
        [0.0900, 0.1194, 0.2328, 0.1126, 0.1490, 0.1716, 0.1247],
        [0.0978, 0.1167, 0.2459, 0.1104, 0.1425, 0.1476, 0.1390],
        [0.0900, 0.1093, 0.2127, 0.1194, 0.1582, 0.1580, 0.1523],
        [0.0864, 0.1440, 0.2574, 0.1005, 0.1426, 0.1521, 0.1170]],
       device='cuda:0')

line 303 => train data수 78
line 258 => 인스턴스 수 12
=======test_loader=======
=======dev_loader=======
=======train_labeled_loader=======
=======finish=======
>>Epoch 16 Step 173 acc_test 0.122951 f1_test 0.031283 acc_val 0.228013 f1_val 0.053050 acc_train 0.230769 f1_train 0.053571 psl_cor 0 psl_totl 0 pslt_global 0.700000  Tim 0:13:46
acc_train_cw(현재 train의 class별 acc) [0.0, 0.0, 1.0, 0.0, 0.0, 0.0, 0.0]
cw_psl_total_eval(이전 pseudo label 클래스별 총 샘플 수):  [0, 0, 0, 0, 0, 0, 0]
cw_psl_correct_eval(이전 pseudo label 클래스별 맞은 샘플 수):  [0, 0, 0, 0, 0, 0, 0]
psl_acc(PSL 평가에서의 정확도): None 
cw_psl_acc(이전 클래스별 PSL 평가에서의 정확도):  [nan, nan, nan, nan, nan, nan, nan]
train batch instace수가 7안됨 pass
tensor([[0.1396, 0.1363, 0.2326, 0.1176, 0.1185, 0.1285, 0.1268],
        [0.1340, 0.1338, 0.2199, 0.1163, 0.1452, 0.1205, 0.1304],
        [0.2114, 0.1738, 0.1851, 0.1063, 0.0792, 0.1522, 0.0921],
        [0.1594, 0.1503, 0.2188, 0.1071, 0.1145, 0.1112, 0.1387],
        [0.1484, 0.1406, 0.2259, 0.1084, 0.1157, 0.1352, 0.1258],
        [0.1605, 0.1299, 0.2405, 0.0972, 0.1169, 0.1314, 0.1235],
        [0.1601, 0.1287, 0.2425, 0.1171, 0.1113, 0.1239, 0.1165]],
       device='cuda:0')

line 303 => train data수 78
line 258 => 인스턴스 수 12
=======test_loader=======
=======dev_loader=======
=======train_labeled_loader=======
=======finish=======
>>Epoch 17 Step 185 acc_test 0.122951 f1_test 0.031283 acc_val 0.228013 f1_val 0.053050 acc_train 0.230769 f1_train 0.053571 psl_cor 0 psl_totl 0 pslt_global 0.700000  Tim 0:14:47
acc_train_cw(현재 train의 class별 acc) [0.0, 0.0, 1.0, 0.0, 0.0, 0.0, 0.0]
cw_psl_total_eval(이전 pseudo label 클래스별 총 샘플 수):  [0, 0, 0, 0, 0, 0, 0]
cw_psl_correct_eval(이전 pseudo label 클래스별 맞은 샘플 수):  [0, 0, 0, 0, 0, 0, 0]
psl_acc(PSL 평가에서의 정확도): None 
cw_psl_acc(이전 클래스별 PSL 평가에서의 정확도):  [nan, nan, nan, nan, nan, nan, nan]
train batch instace수가 7안됨 pass
tensor([[0.1274, 0.1388, 0.2041, 0.1623, 0.1179, 0.1050, 0.1446],
        [0.1266, 0.1447, 0.1973, 0.1748, 0.1185, 0.1105, 0.1276],
        [0.1342, 0.1279, 0.2022, 0.1465, 0.1199, 0.1087, 0.1606],
        [0.1211, 0.1547, 0.1857, 0.1878, 0.0997, 0.1096, 0.1414],
        [0.1391, 0.1344, 0.2051, 0.1521, 0.1100, 0.1129, 0.1464],
        [0.1383, 0.1471, 0.1967, 0.1581, 0.1044, 0.1134, 0.1419],
        [0.1339, 0.1473, 0.1961, 0.1634, 0.1081, 0.1150, 0.1362]],
       device='cuda:0')

line 303 => train data수 78
line 258 => 인스턴스 수 12
=======test_loader=======
=======dev_loader=======
=======train_labeled_loader=======
=======finish=======
>>Epoch 18 Step 197 acc_test 0.122951 f1_test 0.031283 acc_val 0.228013 f1_val 0.053050 acc_train 0.230769 f1_train 0.053571 psl_cor 0 psl_totl 0 pslt_global 0.700000  Tim 0:15:40
acc_train_cw(현재 train의 class별 acc) [0.0, 0.0, 1.0, 0.0, 0.0, 0.0, 0.0]
cw_psl_total_eval(이전 pseudo label 클래스별 총 샘플 수):  [0, 0, 0, 0, 0, 0, 0]
cw_psl_correct_eval(이전 pseudo label 클래스별 맞은 샘플 수):  [0, 0, 0, 0, 0, 0, 0]
psl_acc(PSL 평가에서의 정확도): None 
cw_psl_acc(이전 클래스별 PSL 평가에서의 정확도):  [nan, nan, nan, nan, nan, nan, nan]
train batch instace수가 7안됨 pass
tensor([[0.1411, 0.1528, 0.2393, 0.1055, 0.1275, 0.1130, 0.1207],
        [0.1358, 0.1456, 0.2557, 0.1067, 0.1276, 0.1079, 0.1207],
        [0.1235, 0.1673, 0.2435, 0.1007, 0.1333, 0.1194, 0.1124],
        [0.1432, 0.1651, 0.2124, 0.1063, 0.1241, 0.1272, 0.1217],
        [0.1341, 0.1529, 0.2104, 0.1119, 0.1568, 0.1191, 0.1149],
        [0.1259, 0.1493, 0.2594, 0.1056, 0.1241, 0.1135, 0.1223],
        [0.1317, 0.1514, 0.2555, 0.1094, 0.1180, 0.1194, 0.1146]],
       device='cuda:0')

line 303 => train data수 78
line 258 => 인스턴스 수 12
=======test_loader=======
=======dev_loader=======
=======train_labeled_loader=======
=======finish=======
>>Epoch 19 Step 209 acc_test 0.122951 f1_test 0.031283 acc_val 0.228013 f1_val 0.053050 acc_train 0.230769 f1_train 0.053571 psl_cor 0 psl_totl 0 pslt_global 0.700000  Tim 0:16:29
acc_train_cw(현재 train의 class별 acc) [0.0, 0.0, 1.0, 0.0, 0.0, 0.0, 0.0]
cw_psl_total_eval(이전 pseudo label 클래스별 총 샘플 수):  [0, 0, 0, 0, 0, 0, 0]
cw_psl_correct_eval(이전 pseudo label 클래스별 맞은 샘플 수):  [0, 0, 0, 0, 0, 0, 0]
psl_acc(PSL 평가에서의 정확도): None 
cw_psl_acc(이전 클래스별 PSL 평가에서의 정확도):  [nan, nan, nan, nan, nan, nan, nan]
train batch instace수가 7안됨 pass
tensor([[0.1248, 0.1269, 0.2580, 0.1123, 0.1310, 0.1238, 0.1232],
        [0.1263, 0.1452, 0.2173, 0.1351, 0.1283, 0.0988, 0.1490],
        [0.1298, 0.1475, 0.2217, 0.1360, 0.1333, 0.1083, 0.1234],
        [0.1300, 0.1448, 0.1869, 0.1433, 0.1357, 0.1247, 0.1346],
        [0.1182, 0.1427, 0.2169, 0.1228, 0.1548, 0.1104, 0.1343],
        [0.1269, 0.1320, 0.2313, 0.1327, 0.1299, 0.1140, 0.1332],
        [0.1456, 0.1328, 0.2169, 0.1187, 0.1358, 0.1214, 0.1289]],
       device='cuda:0')

line 303 => train data수 78
line 258 => 인스턴스 수 12
=======test_loader=======
=======dev_loader=======
=======train_labeled_loader=======
=======finish=======
>>Epoch 20 Step 221 acc_test 0.122951 f1_test 0.031283 acc_val 0.228013 f1_val 0.053050 acc_train 0.230769 f1_train 0.053571 psl_cor 0 psl_totl 0 pslt_global 0.700000  Tim 0:17:30
acc_train_cw(현재 train의 class별 acc) [0.0, 0.0, 1.0, 0.0, 0.0, 0.0, 0.0]
cw_psl_total_eval(이전 pseudo label 클래스별 총 샘플 수):  [0, 0, 0, 0, 0, 0, 0]
cw_psl_correct_eval(이전 pseudo label 클래스별 맞은 샘플 수):  [0, 0, 0, 0, 0, 0, 0]
psl_acc(PSL 평가에서의 정확도): None 
cw_psl_acc(이전 클래스별 PSL 평가에서의 정확도):  [nan, nan, nan, nan, nan, nan, nan]
train batch instace수가 7안됨 pass
tensor([[0.1018, 0.1097, 0.2292, 0.1345, 0.1441, 0.1275, 0.1532],
        [0.1056, 0.1019, 0.2253, 0.1336, 0.1542, 0.1202, 0.1593],
        [0.1140, 0.1178, 0.2038, 0.1282, 0.1515, 0.1254, 0.1593],
        [0.1017, 0.1037, 0.2156, 0.1310, 0.1603, 0.1343, 0.1534],
        [0.1152, 0.0804, 0.2538, 0.1076, 0.1448, 0.1319, 0.1663],
        [0.0929, 0.1038, 0.2471, 0.1196, 0.1528, 0.1322, 0.1516],
        [0.0947, 0.0998, 0.2315, 0.1352, 0.1424, 0.1391, 0.1574]],
       device='cuda:0')

line 303 => train data수 78
line 258 => 인스턴스 수 12
=======test_loader=======
=======dev_loader=======
=======train_labeled_loader=======
=======finish=======
>>Epoch 21 Step 233 acc_test 0.122951 f1_test 0.031283 acc_val 0.228013 f1_val 0.053050 acc_train 0.230769 f1_train 0.053571 psl_cor 0 psl_totl 0 pslt_global 0.700000  Tim 0:18:21
acc_train_cw(현재 train의 class별 acc) [0.0, 0.0, 1.0, 0.0, 0.0, 0.0, 0.0]
cw_psl_total_eval(이전 pseudo label 클래스별 총 샘플 수):  [0, 0, 0, 0, 0, 0, 0]
cw_psl_correct_eval(이전 pseudo label 클래스별 맞은 샘플 수):  [0, 0, 0, 0, 0, 0, 0]
psl_acc(PSL 평가에서의 정확도): None 
cw_psl_acc(이전 클래스별 PSL 평가에서의 정확도):  [nan, nan, nan, nan, nan, nan, nan]
train batch instace수가 7안됨 pass
tensor([[0.1274, 0.1401, 0.2161, 0.1363, 0.1062, 0.1506, 0.1232],
        [0.1422, 0.1228, 0.2205, 0.1425, 0.0998, 0.1411, 0.1310],
        [0.1345, 0.1052, 0.2652, 0.1273, 0.1098, 0.1535, 0.1045],
        [0.1232, 0.1298, 0.2377, 0.1336, 0.1014, 0.1431, 0.1311],
        [0.1347, 0.1137, 0.2615, 0.1318, 0.1180, 0.1450, 0.0953],
        [0.1495, 0.1202, 0.2331, 0.1282, 0.0981, 0.1598, 0.1112],
        [0.1339, 0.1272, 0.2068, 0.1443, 0.1203, 0.1499, 0.1176]],
       device='cuda:0')

line 303 => train data수 78
line 258 => 인스턴스 수 12
=======test_loader=======
=======dev_loader=======
=======train_labeled_loader=======
=======finish=======
>>Epoch 22 Step 245 acc_test 0.122951 f1_test 0.031283 acc_val 0.228013 f1_val 0.053050 acc_train 0.230769 f1_train 0.053571 psl_cor 0 psl_totl 0 pslt_global 0.700000  Tim 0:19:12
acc_train_cw(현재 train의 class별 acc) [0.0, 0.0, 1.0, 0.0, 0.0, 0.0, 0.0]
cw_psl_total_eval(이전 pseudo label 클래스별 총 샘플 수):  [0, 0, 0, 0, 0, 0, 0]
cw_psl_correct_eval(이전 pseudo label 클래스별 맞은 샘플 수):  [0, 0, 0, 0, 0, 0, 0]
psl_acc(PSL 평가에서의 정확도): None 
cw_psl_acc(이전 클래스별 PSL 평가에서의 정확도):  [nan, nan, nan, nan, nan, nan, nan]
Early stopping trigger at step:  245
Best model at step:  10
**조기종료됨**

가장 높은 acc_val :  0.2280130293159609
tensor([[0.1327, 0.1103, 0.2401, 0.1446, 0.1184, 0.1515, 0.1024],
        [0.1538, 0.1285, 0.2199, 0.1410, 0.1032, 0.1385, 0.1150],
        [0.1577, 0.1337, 0.2012, 0.1427, 0.1080, 0.1374, 0.1192],
        [0.1361, 0.1348, 0.2011, 0.1291, 0.1169, 0.1553, 0.1268],
        [0.1398, 0.1150, 0.2301, 0.1329, 0.1154, 0.1518, 0.1151],
        [0.1284, 0.0952, 0.2825, 0.1264, 0.1101, 0.1671, 0.0904],
        [0.1503, 0.1395, 0.2187, 0.1333, 0.0976, 0.1411, 0.1194]],
       device='cuda:0')
acc_val 증가안된 epoch시점 :  2
early_stop_flag

Training complete!
Total training took 0:19:55 (h:mm:ss)
Load model from ./experiment/few_shot/output/10_unixcoder-base_0.0001_0.7_20_python_extended_data_net0.pth
Save training statistics in:  ./experiment/few_shot/log/20240404-124135/0/training_statistics.csv

Best_step:  10 
best_test_acc:  0.12295081967213115 
best_test_f1:  0.03128258602711157
Save best record in:  ./experiment/few_shot/log/20240404-124135/summary.csv
Save best record in:  ./experiment/few_shot/log/summary_avgrun.csv
