current work directory:  /home/imsuhan22/few-shot-tc/JointMatch_SSL/codebert/code
java_extended_data
save_name: 5_codet5p-110m-embedding_1e-05_0.7_20_java_extended_data

data_path:  ../data/../data/problem_based_split/java_extended_data

There are 1 GPU(s) available.
We will use the GPU- 0 NVIDIA GeForce RTX 3090

**line 147 모델 =>  Salesforce/codet5p-110m-embedding
**tokenizer type =  Salesforce/codet5p-110m-embedding 

n_labeled_per_class:  5
train_df samples: 3851
train_labeled_df samples: 35
train_unlabeled_df samples: 3816
n_classes:  7 

net_arch:  Salesforce/codet5p-110m-embedding lr:  1e-05

line 303 => train data수 35
line 258 => 인스턴스 수 5
=======test_loader=======
=======dev_loader=======
=======train_labeled_loader=======
=======finish=======
>>Epoch 1 Step 0 acc_test 0.257271 f1_test 0.084358 acc_val 0.081218 f1_val 0.054519 acc_train 0.114286 f1_train 0.056049 psl_cor 0 psl_totl 0 pslt_global 0.000000  Tim 0:00:13
acc_train_cw(현재 train의 class별 acc) [0.0, 0.4, 0.0, 0.0, 0.0, 0.4, 0.0]
cw_psl_total_eval(이전 pseudo label 클래스별 총 샘플 수):  [0, 0, 0, 0, 0, 0, 0]
cw_psl_correct_eval(이전 pseudo label 클래스별 맞은 샘플 수):  [0, 0, 0, 0, 0, 0, 0]
psl_acc(PSL 평가에서의 정확도): None 
cw_psl_acc(이전 클래스별 PSL 평가에서의 정확도):  [nan, nan, nan, nan, nan, nan, nan]
Save model to ./experiment/few_shot/output/
tensor([[0.1491, 0.1498, 0.1346, 0.1430, 0.1423, 0.1445, 0.1368],
        [0.1495, 0.1468, 0.1334, 0.1432, 0.1421, 0.1439, 0.1410],
        [0.1455, 0.1521, 0.1305, 0.1406, 0.1447, 0.1466, 0.1400],
        [0.1465, 0.1488, 0.1285, 0.1395, 0.1475, 0.1482, 0.1411],
        [0.1426, 0.1558, 0.1338, 0.1435, 0.1434, 0.1431, 0.1377],
        [0.1434, 0.1476, 0.1371, 0.1427, 0.1420, 0.1411, 0.1461],
        [0.1492, 0.1515, 0.1373, 0.1410, 0.1395, 0.1447, 0.1368]],
       device='cuda:0')

line 303 => train data수 35
line 258 => 인스턴스 수 5
=======test_loader=======
=======dev_loader=======
=======train_labeled_loader=======
=======finish=======
>>Epoch 2 Step 5 acc_test 0.058166 f1_test 0.034341 acc_val 0.160745 f1_val 0.076068 acc_train 0.228571 f1_train 0.195268 psl_cor 0 psl_totl 0 pslt_global 0.700000  Tim 0:01:09
acc_train_cw(현재 train의 class별 acc) [0.0, 0.8, 0.0, 0.2, 0.2, 0.2, 0.2]
cw_psl_total_eval(이전 pseudo label 클래스별 총 샘플 수):  [0, 0, 0, 0, 0, 0, 0]
cw_psl_correct_eval(이전 pseudo label 클래스별 맞은 샘플 수):  [0, 0, 0, 0, 0, 0, 0]
psl_acc(PSL 평가에서의 정확도): None 
cw_psl_acc(이전 클래스별 PSL 평가에서의 정확도):  [nan, nan, nan, nan, nan, nan, nan]
Save model to ./experiment/few_shot/output/
tensor([[0.1475, 0.1503, 0.1348, 0.1441, 0.1433, 0.1443, 0.1356],
        [0.1436, 0.1468, 0.1379, 0.1425, 0.1384, 0.1492, 0.1417],
        [0.1490, 0.1500, 0.1325, 0.1435, 0.1407, 0.1448, 0.1395],
        [0.1442, 0.1470, 0.1326, 0.1385, 0.1509, 0.1459, 0.1409],
        [0.1408, 0.1553, 0.1341, 0.1446, 0.1428, 0.1454, 0.1370],
        [0.1402, 0.1437, 0.1388, 0.1453, 0.1450, 0.1393, 0.1477],
        [0.1492, 0.1490, 0.1375, 0.1436, 0.1401, 0.1433, 0.1373]],
       device='cuda:0')

line 303 => train data수 35
line 258 => 인스턴스 수 5
=======test_loader=======
=======dev_loader=======
=======train_labeled_loader=======
=======finish=======
>>Epoch 3 Step 10 acc_test 0.136465 f1_test 0.090283 acc_val 0.194585 f1_val 0.115962 acc_train 0.428571 f1_train 0.387137 psl_cor 0 psl_totl 0 pslt_global 0.700000  Tim 0:02:07
acc_train_cw(현재 train의 class별 acc) [0.2, 0.8, 0.0, 0.6, 0.8, 0.4, 0.2]
cw_psl_total_eval(이전 pseudo label 클래스별 총 샘플 수):  [0, 0, 0, 0, 0, 0, 0]
cw_psl_correct_eval(이전 pseudo label 클래스별 맞은 샘플 수):  [0, 0, 0, 0, 0, 0, 0]
psl_acc(PSL 평가에서의 정확도): None 
cw_psl_acc(이전 클래스별 PSL 평가에서의 정확도):  [nan, nan, nan, nan, nan, nan, nan]
Save model to ./experiment/few_shot/output/
tensor([[0.1480, 0.1484, 0.1413, 0.1422, 0.1432, 0.1416, 0.1353],
        [0.1444, 0.1478, 0.1381, 0.1477, 0.1367, 0.1450, 0.1402],
        [0.1475, 0.1499, 0.1355, 0.1401, 0.1440, 0.1463, 0.1368],
        [0.1451, 0.1432, 0.1365, 0.1393, 0.1491, 0.1460, 0.1408],
        [0.1430, 0.1530, 0.1386, 0.1451, 0.1409, 0.1425, 0.1370],
        [0.1368, 0.1426, 0.1400, 0.1425, 0.1480, 0.1423, 0.1478],
        [0.1463, 0.1481, 0.1395, 0.1423, 0.1375, 0.1476, 0.1386]],
       device='cuda:0')

line 303 => train data수 35
line 258 => 인스턴스 수 5
=======test_loader=======
=======dev_loader=======
=======train_labeled_loader=======
=======finish=======
>>Epoch 4 Step 15 acc_test 0.163311 f1_test 0.101136 acc_val 0.191201 f1_val 0.127675 acc_train 0.600000 f1_train 0.555189 psl_cor 0 psl_totl 0 pslt_global 0.700000  Tim 0:03:05
acc_train_cw(현재 train의 class별 acc) [0.6, 0.8, 0.0, 0.8, 0.8, 0.8, 0.4]
cw_psl_total_eval(이전 pseudo label 클래스별 총 샘플 수):  [0, 0, 0, 0, 0, 0, 0]
cw_psl_correct_eval(이전 pseudo label 클래스별 맞은 샘플 수):  [0, 0, 0, 0, 0, 0, 0]
psl_acc(PSL 평가에서의 정확도): None 
cw_psl_acc(이전 클래스별 PSL 평가에서의 정확도):  [nan, nan, nan, nan, nan, nan, nan]
tensor([[0.1501, 0.1460, 0.1416, 0.1448, 0.1430, 0.1415, 0.1330],
        [0.1400, 0.1442, 0.1433, 0.1471, 0.1374, 0.1433, 0.1447],
        [0.1492, 0.1469, 0.1404, 0.1403, 0.1427, 0.1469, 0.1336],
        [0.1442, 0.1449, 0.1378, 0.1400, 0.1493, 0.1420, 0.1418],
        [0.1466, 0.1530, 0.1417, 0.1423, 0.1418, 0.1404, 0.1343],
        [0.1321, 0.1431, 0.1436, 0.1430, 0.1477, 0.1407, 0.1498],
        [0.1483, 0.1471, 0.1399, 0.1433, 0.1358, 0.1469, 0.1387]],
       device='cuda:0')

line 303 => train data수 35
line 258 => 인스턴스 수 5
=======test_loader=======
=======dev_loader=======
=======train_labeled_loader=======
=======finish=======
>>Epoch 5 Step 20 acc_test 0.190157 f1_test 0.130783 acc_val 0.208122 f1_val 0.152093 acc_train 0.685714 f1_train 0.662920 psl_cor 0 psl_totl 0 pslt_global 0.700000  Tim 0:03:59
acc_train_cw(현재 train의 class별 acc) [0.6, 0.8, 0.2, 0.8, 1.0, 0.8, 0.6]
cw_psl_total_eval(이전 pseudo label 클래스별 총 샘플 수):  [0, 0, 0, 0, 0, 0, 0]
cw_psl_correct_eval(이전 pseudo label 클래스별 맞은 샘플 수):  [0, 0, 0, 0, 0, 0, 0]
psl_acc(PSL 평가에서의 정확도): None 
cw_psl_acc(이전 클래스별 PSL 평가에서의 정확도):  [nan, nan, nan, nan, nan, nan, nan]
Save model to ./experiment/few_shot/output/
tensor([[0.1527, 0.1485, 0.1453, 0.1434, 0.1391, 0.1421, 0.1289],
        [0.1409, 0.1446, 0.1452, 0.1503, 0.1332, 0.1424, 0.1434],
        [0.1511, 0.1521, 0.1380, 0.1401, 0.1390, 0.1441, 0.1357],
        [0.1427, 0.1451, 0.1354, 0.1418, 0.1496, 0.1450, 0.1405],
        [0.1401, 0.1560, 0.1423, 0.1458, 0.1376, 0.1457, 0.1324],
        [0.1315, 0.1391, 0.1418, 0.1428, 0.1481, 0.1400, 0.1567],
        [0.1451, 0.1480, 0.1414, 0.1479, 0.1355, 0.1446, 0.1375]],
       device='cuda:0')

line 303 => train data수 35
line 258 => 인스턴스 수 5
=======test_loader=======
=======dev_loader=======
=======train_labeled_loader=======
=======finish=======
>>Epoch 6 Step 25 acc_test 0.201342 f1_test 0.147331 acc_val 0.221658 f1_val 0.172823 acc_train 0.800000 f1_train 0.797547 psl_cor 0 psl_totl 0 pslt_global 0.700000  Tim 0:04:58
acc_train_cw(현재 train의 class별 acc) [0.8, 0.8, 0.6, 0.8, 1.0, 1.0, 0.6]
cw_psl_total_eval(이전 pseudo label 클래스별 총 샘플 수):  [0, 0, 0, 0, 0, 0, 0]
cw_psl_correct_eval(이전 pseudo label 클래스별 맞은 샘플 수):  [0, 0, 0, 0, 0, 0, 0]
psl_acc(PSL 평가에서의 정확도): None 
cw_psl_acc(이전 클래스별 PSL 평가에서의 정확도):  [nan, nan, nan, nan, nan, nan, nan]
Save model to ./experiment/few_shot/output/
tensor([[0.1494, 0.1455, 0.1467, 0.1478, 0.1403, 0.1410, 0.1293],
        [0.1372, 0.1460, 0.1443, 0.1497, 0.1397, 0.1384, 0.1447],
        [0.1440, 0.1457, 0.1451, 0.1418, 0.1368, 0.1494, 0.1372],
        [0.1408, 0.1448, 0.1438, 0.1395, 0.1449, 0.1476, 0.1384],
        [0.1442, 0.1549, 0.1404, 0.1471, 0.1376, 0.1446, 0.1312],
        [0.1255, 0.1432, 0.1438, 0.1445, 0.1521, 0.1361, 0.1547],
        [0.1453, 0.1492, 0.1427, 0.1456, 0.1343, 0.1444, 0.1385]],
       device='cuda:0')

line 303 => train data수 35
line 258 => 인스턴스 수 5
=======test_loader=======
=======dev_loader=======
=======train_labeled_loader=======
=======finish=======
>>Epoch 7 Step 30 acc_test 0.239374 f1_test 0.159348 acc_val 0.221658 f1_val 0.193336 acc_train 0.885714 f1_train 0.888889 psl_cor 0 psl_totl 0 pslt_global 0.700000  Tim 0:05:56
acc_train_cw(현재 train의 class별 acc) [1.0, 0.8, 0.8, 0.8, 1.0, 1.0, 0.8]
cw_psl_total_eval(이전 pseudo label 클래스별 총 샘플 수):  [0, 0, 0, 0, 0, 0, 0]
cw_psl_correct_eval(이전 pseudo label 클래스별 맞은 샘플 수):  [0, 0, 0, 0, 0, 0, 0]
psl_acc(PSL 평가에서의 정확도): None 
cw_psl_acc(이전 클래스별 PSL 평가에서의 정확도):  [nan, nan, nan, nan, nan, nan, nan]
tensor([[0.1521, 0.1487, 0.1448, 0.1440, 0.1351, 0.1470, 0.1283],
        [0.1360, 0.1421, 0.1510, 0.1453, 0.1394, 0.1404, 0.1458],
        [0.1535, 0.1437, 0.1438, 0.1391, 0.1377, 0.1497, 0.1325],
        [0.1424, 0.1434, 0.1456, 0.1347, 0.1498, 0.1466, 0.1375],
        [0.1496, 0.1533, 0.1449, 0.1406, 0.1363, 0.1473, 0.1280],
        [0.1242, 0.1366, 0.1478, 0.1392, 0.1548, 0.1381, 0.1593],
        [0.1457, 0.1438, 0.1522, 0.1432, 0.1341, 0.1459, 0.1351]],
       device='cuda:0')

line 303 => train data수 35
line 258 => 인스턴스 수 5
=======test_loader=======
=======dev_loader=======
=======train_labeled_loader=======
=======finish=======
>>Epoch 8 Step 35 acc_test 0.261745 f1_test 0.182135 acc_val 0.209814 f1_val 0.175891 acc_train 0.942857 f1_train 0.942280 psl_cor 0 psl_totl 0 pslt_global 0.700000  Tim 0:06:51
acc_train_cw(현재 train의 class별 acc) [1.0, 1.0, 0.8, 0.8, 1.0, 1.0, 1.0]
cw_psl_total_eval(이전 pseudo label 클래스별 총 샘플 수):  [0, 0, 0, 0, 0, 0, 0]
cw_psl_correct_eval(이전 pseudo label 클래스별 맞은 샘플 수):  [0, 0, 0, 0, 0, 0, 0]
psl_acc(PSL 평가에서의 정확도): None 
cw_psl_acc(이전 클래스별 PSL 평가에서의 정확도):  [nan, nan, nan, nan, nan, nan, nan]
tensor([[0.1573, 0.1446, 0.1535, 0.1417, 0.1382, 0.1411, 0.1236],
        [0.1352, 0.1430, 0.1572, 0.1485, 0.1361, 0.1379, 0.1421],
        [0.1485, 0.1449, 0.1482, 0.1396, 0.1359, 0.1504, 0.1326],
        [0.1411, 0.1431, 0.1526, 0.1389, 0.1447, 0.1456, 0.1339],
        [0.1488, 0.1572, 0.1448, 0.1436, 0.1342, 0.1446, 0.1268],
        [0.1244, 0.1390, 0.1415, 0.1399, 0.1594, 0.1356, 0.1602],
        [0.1498, 0.1423, 0.1483, 0.1434, 0.1334, 0.1445, 0.1384]],
       device='cuda:0')

line 303 => train data수 35
line 258 => 인스턴스 수 5
=======test_loader=======
=======dev_loader=======
=======train_labeled_loader=======
=======finish=======
>>Epoch 9 Step 40 acc_test 0.268456 f1_test 0.189533 acc_val 0.204738 f1_val 0.159485 acc_train 0.971429 f1_train 0.971140 psl_cor 0 psl_totl 0 pslt_global 0.700000  Tim 0:07:44
acc_train_cw(현재 train의 class별 acc) [1.0, 1.0, 1.0, 0.8, 1.0, 1.0, 1.0]
cw_psl_total_eval(이전 pseudo label 클래스별 총 샘플 수):  [0, 0, 0, 0, 0, 0, 0]
cw_psl_correct_eval(이전 pseudo label 클래스별 맞은 샘플 수):  [0, 0, 0, 0, 0, 0, 0]
psl_acc(PSL 평가에서의 정확도): None 
cw_psl_acc(이전 클래스별 PSL 평가에서의 정확도):  [nan, nan, nan, nan, nan, nan, nan]
tensor([[0.1590, 0.1488, 0.1522, 0.1409, 0.1326, 0.1422, 0.1244],
        [0.1394, 0.1413, 0.1574, 0.1510, 0.1346, 0.1385, 0.1376],
        [0.1593, 0.1458, 0.1465, 0.1339, 0.1342, 0.1536, 0.1268],
        [0.1458, 0.1474, 0.1449, 0.1362, 0.1462, 0.1492, 0.1304],
        [0.1484, 0.1547, 0.1480, 0.1386, 0.1367, 0.1514, 0.1222],
        [0.1263, 0.1374, 0.1464, 0.1405, 0.1530, 0.1395, 0.1569],
        [0.1477, 0.1459, 0.1522, 0.1433, 0.1312, 0.1470, 0.1327]],
       device='cuda:0')

line 303 => train data수 35
line 258 => 인스턴스 수 5
=======test_loader=======
=======dev_loader=======
=======train_labeled_loader=======
=======finish=======
>>Epoch 10 Step 45 acc_test 0.259508 f1_test 0.185474 acc_val 0.191201 f1_val 0.143576 acc_train 0.971429 f1_train 0.971140 psl_cor 0 psl_totl 0 pslt_global 0.700000  Tim 0:08:38
acc_train_cw(현재 train의 class별 acc) [1.0, 1.0, 1.0, 0.8, 1.0, 1.0, 1.0]
cw_psl_total_eval(이전 pseudo label 클래스별 총 샘플 수):  [0, 0, 0, 0, 0, 0, 0]
cw_psl_correct_eval(이전 pseudo label 클래스별 맞은 샘플 수):  [0, 0, 0, 0, 0, 0, 0]
psl_acc(PSL 평가에서의 정확도): None 
cw_psl_acc(이전 클래스별 PSL 평가에서의 정확도):  [nan, nan, nan, nan, nan, nan, nan]
tensor([[0.1594, 0.1448, 0.1535, 0.1390, 0.1336, 0.1437, 0.1259],
        [0.1311, 0.1404, 0.1617, 0.1489, 0.1352, 0.1390, 0.1436],
        [0.1577, 0.1420, 0.1509, 0.1404, 0.1297, 0.1544, 0.1249],
        [0.1452, 0.1375, 0.1456, 0.1358, 0.1489, 0.1502, 0.1369],
        [0.1496, 0.1579, 0.1424, 0.1379, 0.1359, 0.1503, 0.1261],
        [0.1196, 0.1357, 0.1489, 0.1444, 0.1533, 0.1353, 0.1628],
        [0.1483, 0.1475, 0.1500, 0.1438, 0.1278, 0.1480, 0.1346]],
       device='cuda:0')

line 303 => train data수 35
line 258 => 인스턴스 수 5
=======test_loader=======
=======dev_loader=======
=======train_labeled_loader=======
=======finish=======
>>Epoch 11 Step 50 acc_test 0.266219 f1_test 0.188018 acc_val 0.162437 f1_val 0.134543 acc_train 0.971429 f1_train 0.971140 psl_cor 0 psl_totl 0 pslt_global 0.700000  Tim 0:09:32
acc_train_cw(현재 train의 class별 acc) [1.0, 1.0, 1.0, 0.8, 1.0, 1.0, 1.0]
cw_psl_total_eval(이전 pseudo label 클래스별 총 샘플 수):  [0, 0, 0, 0, 0, 0, 0]
cw_psl_correct_eval(이전 pseudo label 클래스별 맞은 샘플 수):  [0, 0, 0, 0, 0, 0, 0]
psl_acc(PSL 평가에서의 정확도): None 
cw_psl_acc(이전 클래스별 PSL 평가에서의 정확도):  [nan, nan, nan, nan, nan, nan, nan]
tensor([[0.1618, 0.1435, 0.1506, 0.1357, 0.1402, 0.1445, 0.1238],
        [0.1368, 0.1423, 0.1598, 0.1431, 0.1360, 0.1452, 0.1369],
        [0.1614, 0.1425, 0.1394, 0.1357, 0.1359, 0.1602, 0.1249],
        [0.1444, 0.1392, 0.1451, 0.1391, 0.1463, 0.1505, 0.1355],
        [0.1524, 0.1586, 0.1450, 0.1361, 0.1322, 0.1530, 0.1228],
        [0.1221, 0.1313, 0.1487, 0.1458, 0.1550, 0.1356, 0.1616],
        [0.1524, 0.1463, 0.1481, 0.1403, 0.1280, 0.1527, 0.1322]],
       device='cuda:0')

line 303 => train data수 35
line 258 => 인스턴스 수 5
=======test_loader=======
=======dev_loader=======
=======train_labeled_loader=======
=======finish=======
>>Epoch 12 Step 55 acc_test 0.286353 f1_test 0.192680 acc_val 0.152284 f1_val 0.127733 acc_train 1.000000 f1_train 1.000000 psl_cor 0 psl_totl 0 pslt_global 0.700000  Tim 0:10:26
acc_train_cw(현재 train의 class별 acc) [1.0, 1.0, 1.0, 1.0, 1.0, 1.0, 1.0]
cw_psl_total_eval(이전 pseudo label 클래스별 총 샘플 수):  [0, 0, 0, 0, 0, 0, 0]
cw_psl_correct_eval(이전 pseudo label 클래스별 맞은 샘플 수):  [0, 0, 0, 0, 0, 0, 0]
psl_acc(PSL 평가에서의 정확도): None 
cw_psl_acc(이전 클래스별 PSL 평가에서의 정확도):  [nan, nan, nan, nan, nan, nan, nan]
tensor([[0.1627, 0.1480, 0.1509, 0.1400, 0.1350, 0.1419, 0.1216],
        [0.1373, 0.1454, 0.1524, 0.1475, 0.1331, 0.1385, 0.1457],
        [0.1556, 0.1412, 0.1464, 0.1383, 0.1340, 0.1558, 0.1286],
        [0.1443, 0.1453, 0.1415, 0.1394, 0.1445, 0.1509, 0.1341],
        [0.1509, 0.1568, 0.1446, 0.1420, 0.1320, 0.1494, 0.1243],
        [0.1176, 0.1351, 0.1454, 0.1427, 0.1627, 0.1369, 0.1596],
        [0.1445, 0.1484, 0.1520, 0.1472, 0.1296, 0.1506, 0.1277]],
       device='cuda:0')

line 303 => train data수 35
line 258 => 인스턴스 수 5
=======test_loader=======
=======dev_loader=======
=======train_labeled_loader=======
=======finish=======
>>Epoch 13 Step 60 acc_test 0.272931 f1_test 0.192506 acc_val 0.172589 f1_val 0.150009 acc_train 1.000000 f1_train 1.000000 psl_cor 0 psl_totl 0 pslt_global 0.700000  Tim 0:11:20
acc_train_cw(현재 train의 class별 acc) [1.0, 1.0, 1.0, 1.0, 1.0, 1.0, 1.0]
cw_psl_total_eval(이전 pseudo label 클래스별 총 샘플 수):  [0, 0, 0, 0, 0, 0, 0]
cw_psl_correct_eval(이전 pseudo label 클래스별 맞은 샘플 수):  [0, 0, 0, 0, 0, 0, 0]
psl_acc(PSL 평가에서의 정확도): None 
cw_psl_acc(이전 클래스별 PSL 평가에서의 정확도):  [nan, nan, nan, nan, nan, nan, nan]
tensor([[0.1673, 0.1480, 0.1522, 0.1364, 0.1327, 0.1428, 0.1205],
        [0.1361, 0.1441, 0.1573, 0.1533, 0.1332, 0.1349, 0.1411],
        [0.1515, 0.1504, 0.1422, 0.1368, 0.1398, 0.1526, 0.1267],
        [0.1417, 0.1476, 0.1471, 0.1355, 0.1463, 0.1552, 0.1266],
        [0.1517, 0.1626, 0.1391, 0.1387, 0.1347, 0.1493, 0.1239],
        [0.1183, 0.1336, 0.1448, 0.1451, 0.1623, 0.1335, 0.1625],
        [0.1496, 0.1493, 0.1516, 0.1474, 0.1280, 0.1471, 0.1270]],
       device='cuda:0')

line 303 => train data수 35
line 258 => 인스턴스 수 5
=======test_loader=======
=======dev_loader=======
=======train_labeled_loader=======
=======finish=======
>>Epoch 14 Step 65 acc_test 0.286353 f1_test 0.202087 acc_val 0.197970 f1_val 0.165003 acc_train 1.000000 f1_train 1.000000 psl_cor 0 psl_totl 0 pslt_global 0.700000  Tim 0:12:13
acc_train_cw(현재 train의 class별 acc) [1.0, 1.0, 1.0, 1.0, 1.0, 1.0, 1.0]
cw_psl_total_eval(이전 pseudo label 클래스별 총 샘플 수):  [0, 0, 0, 0, 0, 0, 0]
cw_psl_correct_eval(이전 pseudo label 클래스별 맞은 샘플 수):  [0, 0, 0, 0, 0, 0, 0]
psl_acc(PSL 평가에서의 정확도): None 
cw_psl_acc(이전 클래스별 PSL 평가에서의 정확도):  [nan, nan, nan, nan, nan, nan, nan]
tensor([[0.1602, 0.1430, 0.1628, 0.1317, 0.1390, 0.1393, 0.1240],
        [0.1391, 0.1472, 0.1577, 0.1438, 0.1375, 0.1364, 0.1382],
        [0.1613, 0.1463, 0.1442, 0.1293, 0.1348, 0.1586, 0.1254],
        [0.1447, 0.1465, 0.1479, 0.1316, 0.1466, 0.1575, 0.1252],
        [0.1531, 0.1626, 0.1427, 0.1372, 0.1340, 0.1538, 0.1166],
        [0.1178, 0.1311, 0.1426, 0.1442, 0.1626, 0.1324, 0.1694],
        [0.1530, 0.1507, 0.1485, 0.1421, 0.1349, 0.1426, 0.1281]],
       device='cuda:0')

line 303 => train data수 35
line 258 => 인스턴스 수 5
=======test_loader=======
=======dev_loader=======
=======train_labeled_loader=======
=======finish=======
>>Epoch 15 Step 70 acc_test 0.281879 f1_test 0.198534 acc_val 0.177665 f1_val 0.141329 acc_train 1.000000 f1_train 1.000000 psl_cor 0 psl_totl 0 pslt_global 0.700000  Tim 0:13:07
acc_train_cw(현재 train의 class별 acc) [1.0, 1.0, 1.0, 1.0, 1.0, 1.0, 1.0]
cw_psl_total_eval(이전 pseudo label 클래스별 총 샘플 수):  [0, 0, 0, 0, 0, 0, 0]
cw_psl_correct_eval(이전 pseudo label 클래스별 맞은 샘플 수):  [0, 0, 0, 0, 0, 0, 0]
psl_acc(PSL 평가에서의 정확도): None 
cw_psl_acc(이전 클래스별 PSL 평가에서의 정확도):  [nan, nan, nan, nan, nan, nan, nan]
tensor([[0.1700, 0.1448, 0.1523, 0.1369, 0.1322, 0.1431, 0.1207],
        [0.1349, 0.1416, 0.1576, 0.1478, 0.1378, 0.1384, 0.1419],
        [0.1595, 0.1532, 0.1496, 0.1317, 0.1345, 0.1487, 0.1228],
        [0.1486, 0.1460, 0.1511, 0.1301, 0.1481, 0.1544, 0.1218],
        [0.1583, 0.1645, 0.1388, 0.1339, 0.1319, 0.1524, 0.1201],
        [0.1168, 0.1314, 0.1474, 0.1465, 0.1631, 0.1290, 0.1658],
        [0.1528, 0.1488, 0.1582, 0.1365, 0.1334, 0.1419, 0.1284]],
       device='cuda:0')

line 303 => train data수 35
line 258 => 인스턴스 수 5
=======test_loader=======
=======dev_loader=======
=======train_labeled_loader=======
=======finish=======
>>Epoch 16 Step 75 acc_test 0.266219 f1_test 0.196354 acc_val 0.197970 f1_val 0.152456 acc_train 1.000000 f1_train 1.000000 psl_cor 0 psl_totl 0 pslt_global 0.700000  Tim 0:14:01
acc_train_cw(현재 train의 class별 acc) [1.0, 1.0, 1.0, 1.0, 1.0, 1.0, 1.0]
cw_psl_total_eval(이전 pseudo label 클래스별 총 샘플 수):  [0, 0, 0, 0, 0, 0, 0]
cw_psl_correct_eval(이전 pseudo label 클래스별 맞은 샘플 수):  [0, 0, 0, 0, 0, 0, 0]
psl_acc(PSL 평가에서의 정확도): None 
cw_psl_acc(이전 클래스별 PSL 평가에서의 정확도):  [nan, nan, nan, nan, nan, nan, nan]
tensor([[0.1647, 0.1411, 0.1584, 0.1430, 0.1319, 0.1374, 0.1235],
        [0.1334, 0.1410, 0.1597, 0.1407, 0.1387, 0.1373, 0.1492],
        [0.1573, 0.1433, 0.1448, 0.1342, 0.1389, 0.1553, 0.1260],
        [0.1484, 0.1463, 0.1447, 0.1315, 0.1466, 0.1510, 0.1315],
        [0.1546, 0.1649, 0.1418, 0.1345, 0.1326, 0.1484, 0.1234],
        [0.1189, 0.1317, 0.1473, 0.1434, 0.1582, 0.1311, 0.1694],
        [0.1459, 0.1504, 0.1478, 0.1462, 0.1354, 0.1410, 0.1333]],
       device='cuda:0')

line 303 => train data수 35
line 258 => 인스턴스 수 5
=======test_loader=======
=======dev_loader=======
=======train_labeled_loader=======
=======finish=======
>>Epoch 17 Step 80 acc_test 0.277405 f1_test 0.202972 acc_val 0.189509 f1_val 0.153148 acc_train 1.000000 f1_train 1.000000 psl_cor 0 psl_totl 0 pslt_global 0.700000  Tim 0:14:55
acc_train_cw(현재 train의 class별 acc) [1.0, 1.0, 1.0, 1.0, 1.0, 1.0, 1.0]
cw_psl_total_eval(이전 pseudo label 클래스별 총 샘플 수):  [0, 0, 0, 0, 0, 0, 0]
cw_psl_correct_eval(이전 pseudo label 클래스별 맞은 샘플 수):  [0, 0, 0, 0, 0, 0, 0]
psl_acc(PSL 평가에서의 정확도): None 
cw_psl_acc(이전 클래스별 PSL 평가에서의 정확도):  [nan, nan, nan, nan, nan, nan, nan]
tensor([[0.1696, 0.1427, 0.1554, 0.1380, 0.1272, 0.1454, 0.1217],
        [0.1458, 0.1407, 0.1631, 0.1424, 0.1307, 0.1387, 0.1386],
        [0.1634, 0.1484, 0.1447, 0.1339, 0.1332, 0.1568, 0.1195],
        [0.1477, 0.1440, 0.1539, 0.1330, 0.1406, 0.1554, 0.1254],
        [0.1528, 0.1667, 0.1376, 0.1317, 0.1336, 0.1566, 0.1211],
        [0.1169, 0.1360, 0.1485, 0.1453, 0.1573, 0.1360, 0.1600],
        [0.1525, 0.1475, 0.1565, 0.1477, 0.1294, 0.1345, 0.1319]],
       device='cuda:0')

line 303 => train data수 35
line 258 => 인스턴스 수 5
=======test_loader=======
=======dev_loader=======
=======train_labeled_loader=======
=======finish=======
>>Epoch 18 Step 85 acc_test 0.284116 f1_test 0.210653 acc_val 0.189509 f1_val 0.152873 acc_train 1.000000 f1_train 1.000000 psl_cor 0 psl_totl 0 pslt_global 0.700000  Tim 0:15:48
acc_train_cw(현재 train의 class별 acc) [1.0, 1.0, 1.0, 1.0, 1.0, 1.0, 1.0]
cw_psl_total_eval(이전 pseudo label 클래스별 총 샘플 수):  [0, 0, 0, 0, 0, 0, 0]
cw_psl_correct_eval(이전 pseudo label 클래스별 맞은 샘플 수):  [0, 0, 0, 0, 0, 0, 0]
psl_acc(PSL 평가에서의 정확도): None 
cw_psl_acc(이전 클래스별 PSL 평가에서의 정확도):  [nan, nan, nan, nan, nan, nan, nan]
tensor([[0.1747, 0.1431, 0.1496, 0.1364, 0.1324, 0.1464, 0.1174],
        [0.1395, 0.1344, 0.1701, 0.1514, 0.1317, 0.1384, 0.1345],
        [0.1674, 0.1509, 0.1395, 0.1331, 0.1342, 0.1558, 0.1190],
        [0.1479, 0.1457, 0.1500, 0.1317, 0.1427, 0.1560, 0.1259],
        [0.1573, 0.1623, 0.1364, 0.1342, 0.1344, 0.1543, 0.1211],
        [0.1154, 0.1343, 0.1433, 0.1451, 0.1566, 0.1366, 0.1688],
        [0.1556, 0.1514, 0.1456, 0.1450, 0.1319, 0.1415, 0.1289]],
       device='cuda:0')

line 303 => train data수 35
line 258 => 인스턴스 수 5
=======test_loader=======
=======dev_loader=======
=======train_labeled_loader=======
=======finish=======
>>Epoch 19 Step 90 acc_test 0.293065 f1_test 0.214620 acc_val 0.175973 f1_val 0.142635 acc_train 1.000000 f1_train 1.000000 psl_cor 0 psl_totl 0 pslt_global 0.700000  Tim 0:16:42
acc_train_cw(현재 train의 class별 acc) [1.0, 1.0, 1.0, 1.0, 1.0, 1.0, 1.0]
cw_psl_total_eval(이전 pseudo label 클래스별 총 샘플 수):  [0, 0, 0, 0, 0, 0, 0]
cw_psl_correct_eval(이전 pseudo label 클래스별 맞은 샘플 수):  [0, 0, 0, 0, 0, 0, 0]
psl_acc(PSL 평가에서의 정확도): None 
cw_psl_acc(이전 클래스별 PSL 평가에서의 정확도):  [nan, nan, nan, nan, nan, nan, nan]
tensor([[0.1763, 0.1445, 0.1518, 0.1346, 0.1362, 0.1422, 0.1145],
        [0.1352, 0.1370, 0.1668, 0.1462, 0.1349, 0.1403, 0.1396],
        [0.1582, 0.1504, 0.1433, 0.1301, 0.1381, 0.1601, 0.1198],
        [0.1505, 0.1457, 0.1463, 0.1293, 0.1416, 0.1613, 0.1252],
        [0.1571, 0.1701, 0.1313, 0.1383, 0.1343, 0.1498, 0.1193],
        [0.1179, 0.1299, 0.1430, 0.1416, 0.1642, 0.1333, 0.1701],
        [0.1496, 0.1516, 0.1541, 0.1452, 0.1288, 0.1450, 0.1258]],
       device='cuda:0')

line 303 => train data수 35
line 258 => 인스턴스 수 5
=======test_loader=======
=======dev_loader=======
=======train_labeled_loader=======
=======finish=======
>>Epoch 20 Step 95 acc_test 0.288591 f1_test 0.214120 acc_val 0.181049 f1_val 0.146786 acc_train 1.000000 f1_train 1.000000 psl_cor 0 psl_totl 0 pslt_global 0.700000  Tim 0:17:36
acc_train_cw(현재 train의 class별 acc) [1.0, 1.0, 1.0, 1.0, 1.0, 1.0, 1.0]
cw_psl_total_eval(이전 pseudo label 클래스별 총 샘플 수):  [0, 0, 0, 0, 0, 0, 0]
cw_psl_correct_eval(이전 pseudo label 클래스별 맞은 샘플 수):  [0, 0, 0, 0, 0, 0, 0]
psl_acc(PSL 평가에서의 정확도): None 
cw_psl_acc(이전 클래스별 PSL 평가에서의 정확도):  [nan, nan, nan, nan, nan, nan, nan]
tensor([[0.1688, 0.1429, 0.1568, 0.1438, 0.1284, 0.1432, 0.1160],
        [0.1374, 0.1397, 0.1644, 0.1444, 0.1321, 0.1383, 0.1436],
        [0.1650, 0.1432, 0.1425, 0.1312, 0.1371, 0.1606, 0.1204],
        [0.1526, 0.1411, 0.1542, 0.1281, 0.1432, 0.1616, 0.1192],
        [0.1560, 0.1660, 0.1353, 0.1342, 0.1330, 0.1535, 0.1220],
        [0.1127, 0.1331, 0.1418, 0.1446, 0.1618, 0.1341, 0.1720],
        [0.1511, 0.1527, 0.1510, 0.1463, 0.1258, 0.1416, 0.1316]],
       device='cuda:0')

line 303 => train data수 35
line 258 => 인스턴스 수 5
=======test_loader=======
=======dev_loader=======
=======train_labeled_loader=======
=======finish=======
>>Epoch 21 Step 100 acc_test 0.272931 f1_test 0.206440 acc_val 0.189509 f1_val 0.156405 acc_train 1.000000 f1_train 1.000000 psl_cor 0 psl_totl 0 pslt_global 0.700000  Tim 0:18:29
acc_train_cw(현재 train의 class별 acc) [1.0, 1.0, 1.0, 1.0, 1.0, 1.0, 1.0]
cw_psl_total_eval(이전 pseudo label 클래스별 총 샘플 수):  [0, 0, 0, 0, 0, 0, 0]
cw_psl_correct_eval(이전 pseudo label 클래스별 맞은 샘플 수):  [0, 0, 0, 0, 0, 0, 0]
psl_acc(PSL 평가에서의 정확도): None 
cw_psl_acc(이전 클래스별 PSL 평가에서의 정확도):  [nan, nan, nan, nan, nan, nan, nan]
tensor([[0.1751, 0.1434, 0.1550, 0.1384, 0.1298, 0.1359, 0.1224],
        [0.1380, 0.1403, 0.1660, 0.1461, 0.1311, 0.1413, 0.1372],
        [0.1620, 0.1482, 0.1482, 0.1316, 0.1338, 0.1587, 0.1175],
        [0.1526, 0.1446, 0.1582, 0.1247, 0.1392, 0.1579, 0.1226],
        [0.1522, 0.1713, 0.1332, 0.1377, 0.1323, 0.1550, 0.1183],
        [0.1156, 0.1322, 0.1442, 0.1447, 0.1607, 0.1347, 0.1678],
        [0.1533, 0.1487, 0.1467, 0.1516, 0.1333, 0.1354, 0.1310]],
       device='cuda:0')

line 303 => train data수 35
line 258 => 인스턴스 수 5
=======test_loader=======
=======dev_loader=======
=======train_labeled_loader=======
=======finish=======
>>Epoch 22 Step 105 acc_test 0.288591 f1_test 0.220701 acc_val 0.221658 f1_val 0.173948 acc_train 1.000000 f1_train 1.000000 psl_cor 0 psl_totl 0 pslt_global 0.700000  Tim 0:19:23
acc_train_cw(현재 train의 class별 acc) [1.0, 1.0, 1.0, 1.0, 1.0, 1.0, 1.0]
cw_psl_total_eval(이전 pseudo label 클래스별 총 샘플 수):  [0, 0, 0, 0, 0, 0, 0]
cw_psl_correct_eval(이전 pseudo label 클래스별 맞은 샘플 수):  [0, 0, 0, 0, 0, 0, 0]
psl_acc(PSL 평가에서의 정확도): None 
cw_psl_acc(이전 클래스별 PSL 평가에서의 정확도):  [nan, nan, nan, nan, nan, nan, nan]
tensor([[0.1760, 0.1372, 0.1550, 0.1324, 0.1368, 0.1355, 0.1271],
        [0.1404, 0.1318, 0.1749, 0.1373, 0.1352, 0.1386, 0.1418],
        [0.1641, 0.1465, 0.1421, 0.1304, 0.1370, 0.1585, 0.1213],
        [0.1542, 0.1424, 0.1472, 0.1280, 0.1434, 0.1617, 0.1232],
        [0.1598, 0.1725, 0.1349, 0.1346, 0.1301, 0.1510, 0.1171],
        [0.1154, 0.1285, 0.1468, 0.1456, 0.1662, 0.1328, 0.1647],
        [0.1498, 0.1548, 0.1516, 0.1393, 0.1294, 0.1392, 0.1359]],
       device='cuda:0')

line 303 => train data수 35
line 258 => 인스턴스 수 5
=======test_loader=======
=======dev_loader=======
=======train_labeled_loader=======
=======finish=======
>>Epoch 23 Step 110 acc_test 0.286353 f1_test 0.215692 acc_val 0.216582 f1_val 0.166450 acc_train 1.000000 f1_train 1.000000 psl_cor 0 psl_totl 0 pslt_global 0.700000  Tim 0:20:17
acc_train_cw(현재 train의 class별 acc) [1.0, 1.0, 1.0, 1.0, 1.0, 1.0, 1.0]
cw_psl_total_eval(이전 pseudo label 클래스별 총 샘플 수):  [0, 0, 0, 0, 0, 0, 0]
cw_psl_correct_eval(이전 pseudo label 클래스별 맞은 샘플 수):  [0, 0, 0, 0, 0, 0, 0]
psl_acc(PSL 평가에서의 정확도): None 
cw_psl_acc(이전 클래스별 PSL 평가에서의 정확도):  [nan, nan, nan, nan, nan, nan, nan]
tensor([[0.1817, 0.1354, 0.1534, 0.1311, 0.1303, 0.1456, 0.1225],
        [0.1422, 0.1328, 0.1703, 0.1474, 0.1301, 0.1373, 0.1399],
        [0.1644, 0.1450, 0.1393, 0.1295, 0.1365, 0.1602, 0.1251],
        [0.1466, 0.1453, 0.1461, 0.1282, 0.1425, 0.1591, 0.1322],
        [0.1593, 0.1708, 0.1329, 0.1369, 0.1299, 0.1535, 0.1168],
        [0.1122, 0.1289, 0.1470, 0.1414, 0.1668, 0.1294, 0.1742],
        [0.1547, 0.1436, 0.1526, 0.1406, 0.1357, 0.1375, 0.1353]],
       device='cuda:0')

line 303 => train data수 35
line 258 => 인스턴스 수 5
=======test_loader=======
=======dev_loader=======
=======train_labeled_loader=======
=======finish=======
>>Epoch 24 Step 115 acc_test 0.306488 f1_test 0.226251 acc_val 0.199662 f1_val 0.162989 acc_train 1.000000 f1_train 1.000000 psl_cor 0 psl_totl 0 pslt_global 0.700000  Tim 0:21:10
acc_train_cw(현재 train의 class별 acc) [1.0, 1.0, 1.0, 1.0, 1.0, 1.0, 1.0]
cw_psl_total_eval(이전 pseudo label 클래스별 총 샘플 수):  [0, 0, 0, 0, 0, 0, 0]
cw_psl_correct_eval(이전 pseudo label 클래스별 맞은 샘플 수):  [0, 0, 0, 0, 0, 0, 0]
psl_acc(PSL 평가에서의 정확도): None 
cw_psl_acc(이전 클래스별 PSL 평가에서의 정확도):  [nan, nan, nan, nan, nan, nan, nan]
tensor([[0.1775, 0.1408, 0.1539, 0.1297, 0.1328, 0.1414, 0.1238],
        [0.1348, 0.1348, 0.1701, 0.1470, 0.1284, 0.1407, 0.1442],
        [0.1546, 0.1437, 0.1447, 0.1386, 0.1348, 0.1622, 0.1214],
        [0.1452, 0.1492, 0.1470, 0.1332, 0.1405, 0.1578, 0.1270],
        [0.1570, 0.1777, 0.1334, 0.1312, 0.1317, 0.1513, 0.1178],
        [0.1136, 0.1293, 0.1408, 0.1481, 0.1648, 0.1367, 0.1667],
        [0.1479, 0.1467, 0.1507, 0.1498, 0.1356, 0.1336, 0.1356]],
       device='cuda:0')

line 303 => train data수 35
line 258 => 인스턴스 수 5
=======test_loader=======
=======dev_loader=======
=======train_labeled_loader=======
=======finish=======
>>Epoch 25 Step 120 acc_test 0.304251 f1_test 0.231486 acc_val 0.219966 f1_val 0.177214 acc_train 1.000000 f1_train 1.000000 psl_cor 0 psl_totl 0 pslt_global 0.700000  Tim 0:22:04
acc_train_cw(현재 train의 class별 acc) [1.0, 1.0, 1.0, 1.0, 1.0, 1.0, 1.0]
cw_psl_total_eval(이전 pseudo label 클래스별 총 샘플 수):  [0, 0, 0, 0, 0, 0, 0]
cw_psl_correct_eval(이전 pseudo label 클래스별 맞은 샘플 수):  [0, 0, 0, 0, 0, 0, 0]
psl_acc(PSL 평가에서의 정확도): None 
cw_psl_acc(이전 클래스별 PSL 평가에서의 정확도):  [nan, nan, nan, nan, nan, nan, nan]
tensor([[0.1756, 0.1374, 0.1612, 0.1390, 0.1305, 0.1357, 0.1206],
        [0.1385, 0.1402, 0.1755, 0.1530, 0.1262, 0.1335, 0.1331],
        [0.1568, 0.1479, 0.1487, 0.1298, 0.1357, 0.1651, 0.1160],
        [0.1493, 0.1508, 0.1502, 0.1292, 0.1418, 0.1604, 0.1183],
        [0.1572, 0.1737, 0.1332, 0.1290, 0.1332, 0.1591, 0.1146],
        [0.1148, 0.1281, 0.1418, 0.1502, 0.1694, 0.1289, 0.1668],
        [0.1465, 0.1514, 0.1465, 0.1554, 0.1329, 0.1335, 0.1336]],
       device='cuda:0')

line 303 => train data수 35
line 258 => 인스턴스 수 5
=======test_loader=======
=======dev_loader=======
=======train_labeled_loader=======
=======finish=======
>>Epoch 26 Step 125 acc_test 0.304251 f1_test 0.237479 acc_val 0.231810 f1_val 0.184591 acc_train 1.000000 f1_train 1.000000 psl_cor 0 psl_totl 0 pslt_global 0.700000  Tim 0:22:58
acc_train_cw(현재 train의 class별 acc) [1.0, 1.0, 1.0, 1.0, 1.0, 1.0, 1.0]
cw_psl_total_eval(이전 pseudo label 클래스별 총 샘플 수):  [0, 0, 0, 0, 0, 0, 0]
cw_psl_correct_eval(이전 pseudo label 클래스별 맞은 샘플 수):  [0, 0, 0, 0, 0, 0, 0]
psl_acc(PSL 평가에서의 정확도): None 
cw_psl_acc(이전 클래스별 PSL 평가에서의 정확도):  [nan, nan, nan, nan, nan, nan, nan]
Save model to ./experiment/few_shot/output/
tensor([[0.1756, 0.1387, 0.1635, 0.1345, 0.1329, 0.1350, 0.1199],
        [0.1320, 0.1394, 0.1766, 0.1473, 0.1290, 0.1331, 0.1427],
        [0.1604, 0.1376, 0.1467, 0.1325, 0.1338, 0.1683, 0.1208],
        [0.1498, 0.1461, 0.1503, 0.1248, 0.1431, 0.1523, 0.1337],
        [0.1542, 0.1793, 0.1322, 0.1362, 0.1307, 0.1456, 0.1218],
        [0.1133, 0.1278, 0.1460, 0.1453, 0.1658, 0.1300, 0.1718],
        [0.1519, 0.1460, 0.1509, 0.1581, 0.1259, 0.1288, 0.1384]],
       device='cuda:0')

line 303 => train data수 35
line 258 => 인스턴스 수 5
=======test_loader=======
=======dev_loader=======
=======train_labeled_loader=======
=======finish=======
>>Epoch 27 Step 130 acc_test 0.284116 f1_test 0.222116 acc_val 0.230118 f1_val 0.179839 acc_train 1.000000 f1_train 1.000000 psl_cor 0 psl_totl 0 pslt_global 0.700000  Tim 0:23:56
acc_train_cw(현재 train의 class별 acc) [1.0, 1.0, 1.0, 1.0, 1.0, 1.0, 1.0]
cw_psl_total_eval(이전 pseudo label 클래스별 총 샘플 수):  [0, 0, 0, 0, 0, 0, 0]
cw_psl_correct_eval(이전 pseudo label 클래스별 맞은 샘플 수):  [0, 0, 0, 0, 0, 0, 0]
psl_acc(PSL 평가에서의 정확도): None 
cw_psl_acc(이전 클래스별 PSL 평가에서의 정확도):  [nan, nan, nan, nan, nan, nan, nan]
tensor([[0.1758, 0.1436, 0.1540, 0.1363, 0.1275, 0.1323, 0.1305],
        [0.1404, 0.1342, 0.1761, 0.1396, 0.1297, 0.1395, 0.1405],
        [0.1582, 0.1367, 0.1438, 0.1339, 0.1333, 0.1722, 0.1219],
        [0.1521, 0.1497, 0.1576, 0.1241, 0.1342, 0.1615, 0.1207],
        [0.1530, 0.1755, 0.1309, 0.1395, 0.1268, 0.1547, 0.1195],
        [0.1166, 0.1244, 0.1477, 0.1425, 0.1756, 0.1231, 0.1701],
        [0.1556, 0.1478, 0.1477, 0.1508, 0.1296, 0.1353, 0.1331]],
       device='cuda:0')

line 303 => train data수 35
line 258 => 인스턴스 수 5
=======test_loader=======
=======dev_loader=======
=======train_labeled_loader=======
=======finish=======
>>Epoch 28 Step 135 acc_test 0.290828 f1_test 0.221000 acc_val 0.235195 f1_val 0.182396 acc_train 1.000000 f1_train 1.000000 psl_cor 0 psl_totl 0 pslt_global 0.700000  Tim 0:24:50
acc_train_cw(현재 train의 class별 acc) [1.0, 1.0, 1.0, 1.0, 1.0, 1.0, 1.0]
cw_psl_total_eval(이전 pseudo label 클래스별 총 샘플 수):  [0, 0, 0, 0, 0, 0, 0]
cw_psl_correct_eval(이전 pseudo label 클래스별 맞은 샘플 수):  [0, 0, 0, 0, 0, 0, 0]
psl_acc(PSL 평가에서의 정확도): None 
cw_psl_acc(이전 클래스별 PSL 평가에서의 정확도):  [nan, nan, nan, nan, nan, nan, nan]
Save model to ./experiment/few_shot/output/
tensor([[0.1823, 0.1331, 0.1595, 0.1327, 0.1305, 0.1403, 0.1216],
        [0.1280, 0.1368, 0.1706, 0.1607, 0.1289, 0.1350, 0.1400],
        [0.1532, 0.1451, 0.1384, 0.1433, 0.1339, 0.1609, 0.1253],
        [0.1551, 0.1501, 0.1455, 0.1204, 0.1435, 0.1609, 0.1246],
        [0.1544, 0.1820, 0.1265, 0.1374, 0.1298, 0.1484, 0.1215],
        [0.1151, 0.1241, 0.1454, 0.1472, 0.1680, 0.1325, 0.1677],
        [0.1496, 0.1537, 0.1423, 0.1553, 0.1275, 0.1344, 0.1372]],
       device='cuda:0')

line 303 => train data수 35
line 258 => 인스턴스 수 5
=======test_loader=======
=======dev_loader=======
=======train_labeled_loader=======
=======finish=======
>>Epoch 29 Step 140 acc_test 0.299776 f1_test 0.239050 acc_val 0.240271 f1_val 0.191059 acc_train 1.000000 f1_train 1.000000 psl_cor 0 psl_totl 0 pslt_global 0.700000  Tim 0:25:48
acc_train_cw(현재 train의 class별 acc) [1.0, 1.0, 1.0, 1.0, 1.0, 1.0, 1.0]
cw_psl_total_eval(이전 pseudo label 클래스별 총 샘플 수):  [0, 0, 0, 0, 0, 0, 0]
cw_psl_correct_eval(이전 pseudo label 클래스별 맞은 샘플 수):  [0, 0, 0, 0, 0, 0, 0]
psl_acc(PSL 평가에서의 정확도): None 
cw_psl_acc(이전 클래스별 PSL 평가에서의 정확도):  [nan, nan, nan, nan, nan, nan, nan]
Save model to ./experiment/few_shot/output/
tensor([[0.1770, 0.1392, 0.1557, 0.1450, 0.1294, 0.1339, 0.1198],
        [0.1390, 0.1389, 0.1725, 0.1486, 0.1270, 0.1397, 0.1343],
        [0.1565, 0.1555, 0.1411, 0.1375, 0.1260, 0.1666, 0.1168],
        [0.1489, 0.1457, 0.1528, 0.1232, 0.1404, 0.1615, 0.1274],
        [0.1621, 0.1779, 0.1289, 0.1337, 0.1293, 0.1525, 0.1156],
        [0.1145, 0.1294, 0.1451, 0.1508, 0.1665, 0.1268, 0.1669],
        [0.1462, 0.1564, 0.1456, 0.1624, 0.1213, 0.1364, 0.1317]],
       device='cuda:0')

line 303 => train data수 35
line 258 => 인스턴스 수 5
=======test_loader=======
=======dev_loader=======
=======train_labeled_loader=======
=======finish=======
>>Epoch 30 Step 145 acc_test 0.295302 f1_test 0.236401 acc_val 0.235195 f1_val 0.188733 acc_train 1.000000 f1_train 1.000000 psl_cor 0 psl_totl 0 pslt_global 0.700000  Tim 0:26:47
acc_train_cw(현재 train의 class별 acc) [1.0, 1.0, 1.0, 1.0, 1.0, 1.0, 1.0]
cw_psl_total_eval(이전 pseudo label 클래스별 총 샘플 수):  [0, 0, 0, 0, 0, 0, 0]
cw_psl_correct_eval(이전 pseudo label 클래스별 맞은 샘플 수):  [0, 0, 0, 0, 0, 0, 0]
psl_acc(PSL 평가에서의 정확도): None 
cw_psl_acc(이전 클래스별 PSL 평가에서의 정확도):  [nan, nan, nan, nan, nan, nan, nan]
tensor([[0.1781, 0.1385, 0.1608, 0.1366, 0.1287, 0.1313, 0.1260],
        [0.1369, 0.1320, 0.1744, 0.1507, 0.1219, 0.1459, 0.1382],
        [0.1713, 0.1406, 0.1403, 0.1351, 0.1344, 0.1598, 0.1186],
        [0.1500, 0.1457, 0.1554, 0.1292, 0.1401, 0.1540, 0.1257],
        [0.1508, 0.1845, 0.1268, 0.1424, 0.1282, 0.1471, 0.1203],
        [0.1178, 0.1260, 0.1452, 0.1403, 0.1704, 0.1259, 0.1744],
        [0.1454, 0.1528, 0.1583, 0.1572, 0.1297, 0.1263, 0.1304]],
       device='cuda:0')

line 303 => train data수 35
line 258 => 인스턴스 수 5
=======test_loader=======
=======dev_loader=======
=======train_labeled_loader=======
=======finish=======
>>Epoch 31 Step 150 acc_test 0.266219 f1_test 0.219950 acc_val 0.243655 f1_val 0.189771 acc_train 1.000000 f1_train 1.000000 psl_cor 0 psl_totl 0 pslt_global 0.700000  Tim 0:27:40
acc_train_cw(현재 train의 class별 acc) [1.0, 1.0, 1.0, 1.0, 1.0, 1.0, 1.0]
cw_psl_total_eval(이전 pseudo label 클래스별 총 샘플 수):  [0, 0, 0, 0, 0, 0, 0]
cw_psl_correct_eval(이전 pseudo label 클래스별 맞은 샘플 수):  [0, 0, 0, 0, 0, 0, 0]
psl_acc(PSL 평가에서의 정확도): None 
cw_psl_acc(이전 클래스별 PSL 평가에서의 정확도):  [nan, nan, nan, nan, nan, nan, nan]
Save model to ./experiment/few_shot/output/
tensor([[0.1889, 0.1340, 0.1509, 0.1333, 0.1371, 0.1319, 0.1238],
        [0.1364, 0.1401, 0.1677, 0.1408, 0.1337, 0.1394, 0.1420],
        [0.1706, 0.1416, 0.1437, 0.1321, 0.1305, 0.1701, 0.1114],
        [0.1524, 0.1446, 0.1577, 0.1205, 0.1439, 0.1518, 0.1291],
        [0.1608, 0.1823, 0.1282, 0.1349, 0.1276, 0.1468, 0.1193],
        [0.1178, 0.1278, 0.1449, 0.1405, 0.1644, 0.1307, 0.1738],
        [0.1617, 0.1536, 0.1488, 0.1491, 0.1210, 0.1347, 0.1311]],
       device='cuda:0')

line 303 => train data수 35
line 258 => 인스턴스 수 5
=======test_loader=======
=======dev_loader=======
=======train_labeled_loader=======
=======finish=======
>>Epoch 32 Step 155 acc_test 0.266219 f1_test 0.217069 acc_val 0.240271 f1_val 0.185686 acc_train 1.000000 f1_train 1.000000 psl_cor 0 psl_totl 0 pslt_global 0.700000  Tim 0:28:39
acc_train_cw(현재 train의 class별 acc) [1.0, 1.0, 1.0, 1.0, 1.0, 1.0, 1.0]
cw_psl_total_eval(이전 pseudo label 클래스별 총 샘플 수):  [0, 0, 0, 0, 0, 0, 0]
cw_psl_correct_eval(이전 pseudo label 클래스별 맞은 샘플 수):  [0, 0, 0, 0, 0, 0, 0]
psl_acc(PSL 평가에서의 정확도): None 
cw_psl_acc(이전 클래스별 PSL 평가에서의 정확도):  [nan, nan, nan, nan, nan, nan, nan]
tensor([[0.1756, 0.1360, 0.1593, 0.1442, 0.1278, 0.1333, 0.1238],
        [0.1367, 0.1348, 0.1720, 0.1414, 0.1334, 0.1379, 0.1439],
        [0.1647, 0.1451, 0.1414, 0.1232, 0.1342, 0.1708, 0.1205],
        [0.1518, 0.1468, 0.1478, 0.1201, 0.1459, 0.1520, 0.1356],
        [0.1526, 0.1814, 0.1339, 0.1362, 0.1266, 0.1508, 0.1184],
        [0.1174, 0.1234, 0.1432, 0.1414, 0.1781, 0.1245, 0.1720],
        [0.1481, 0.1550, 0.1471, 0.1458, 0.1304, 0.1325, 0.1411]],
       device='cuda:0')

line 303 => train data수 35
line 258 => 인스턴스 수 5
=======test_loader=======
=======dev_loader=======
=======train_labeled_loader=======
=======finish=======
>>Epoch 33 Step 160 acc_test 0.270694 f1_test 0.221657 acc_val 0.235195 f1_val 0.184237 acc_train 1.000000 f1_train 1.000000 psl_cor 0 psl_totl 0 pslt_global 0.700000  Tim 0:29:32
acc_train_cw(현재 train의 class별 acc) [1.0, 1.0, 1.0, 1.0, 1.0, 1.0, 1.0]
cw_psl_total_eval(이전 pseudo label 클래스별 총 샘플 수):  [0, 0, 0, 0, 0, 0, 0]
cw_psl_correct_eval(이전 pseudo label 클래스별 맞은 샘플 수):  [0, 0, 0, 0, 0, 0, 0]
psl_acc(PSL 평가에서의 정확도): None 
cw_psl_acc(이전 클래스별 PSL 평가에서의 정확도):  [nan, nan, nan, nan, nan, nan, nan]
tensor([[0.1834, 0.1396, 0.1548, 0.1366, 0.1344, 0.1283, 0.1229],
        [0.1341, 0.1346, 0.1777, 0.1442, 0.1273, 0.1406, 0.1415],
        [0.1596, 0.1430, 0.1345, 0.1355, 0.1418, 0.1663, 0.1193],
        [0.1453, 0.1408, 0.1521, 0.1332, 0.1437, 0.1574, 0.1275],
        [0.1497, 0.1811, 0.1303, 0.1428, 0.1254, 0.1529, 0.1178],
        [0.1130, 0.1280, 0.1416, 0.1427, 0.1730, 0.1292, 0.1726],
        [0.1462, 0.1504, 0.1462, 0.1597, 0.1351, 0.1246, 0.1379]],
       device='cuda:0')

line 303 => train data수 35
line 258 => 인스턴스 수 5
=======test_loader=======
=======dev_loader=======
=======train_labeled_loader=======
=======finish=======
>>Epoch 34 Step 165 acc_test 0.281879 f1_test 0.228752 acc_val 0.252115 f1_val 0.199429 acc_train 1.000000 f1_train 1.000000 psl_cor 0 psl_totl 0 pslt_global 0.700000  Tim 0:30:26
acc_train_cw(현재 train의 class별 acc) [1.0, 1.0, 1.0, 1.0, 1.0, 1.0, 1.0]
cw_psl_total_eval(이전 pseudo label 클래스별 총 샘플 수):  [0, 0, 0, 0, 0, 0, 0]
cw_psl_correct_eval(이전 pseudo label 클래스별 맞은 샘플 수):  [0, 0, 0, 0, 0, 0, 0]
psl_acc(PSL 평가에서의 정확도): None 
cw_psl_acc(이전 클래스별 PSL 평가에서의 정확도):  [nan, nan, nan, nan, nan, nan, nan]
Save model to ./experiment/few_shot/output/
tensor([[0.1812, 0.1306, 0.1561, 0.1444, 0.1285, 0.1361, 0.1231],
        [0.1333, 0.1362, 0.1797, 0.1484, 0.1283, 0.1364, 0.1378],
        [0.1714, 0.1378, 0.1377, 0.1338, 0.1291, 0.1714, 0.1188],
        [0.1481, 0.1514, 0.1569, 0.1275, 0.1413, 0.1562, 0.1187],
        [0.1569, 0.1828, 0.1276, 0.1387, 0.1309, 0.1513, 0.1118],
        [0.1169, 0.1279, 0.1369, 0.1474, 0.1648, 0.1313, 0.1750],
        [0.1497, 0.1472, 0.1580, 0.1656, 0.1241, 0.1302, 0.1253]],
       device='cuda:0')

line 303 => train data수 35
line 258 => 인스턴스 수 5
=======test_loader=======
=======dev_loader=======
=======train_labeled_loader=======
=======finish=======
