current work directory:  /home/imsuhan22/few-shot-tc/JointMatch_SSL/codebert/code
java_extended_data
save_name: 1_codet5p-110m-embedding_0.0001_0.7_20_java_extended_data

data_path:  ../data/../data/problem_based_split/java_extended_data

There are 1 GPU(s) available.
We will use the GPU- 0 NVIDIA GeForce RTX 3090

**line 147 모델 =>  Salesforce/codet5p-110m-embedding
**tokenizer type =  Salesforce/codet5p-110m-embedding 

n_labeled_per_class:  1
train_df samples: 3851
train_labeled_df samples: 7
train_unlabeled_df samples: 3844
n_classes:  7 

net_arch:  Salesforce/codet5p-110m-embedding lr:  0.0001

line 303 => train data수 7
line 258 => 인스턴스 수 1
=======test_loader=======
=======dev_loader=======
=======train_labeled_loader=======
=======finish=======
>>Epoch 1 Step 0 acc_test 0.212528 f1_test 0.106975 acc_val 0.174281 f1_val 0.109487 acc_train 0.285714 f1_train 0.142857 psl_cor 0 psl_totl 0 pslt_global 0.000000  Tim 0:00:13
acc_train_cw(현재 train의 class별 acc) [0.0, 0.0, 0.0, 1.0, 1.0, 0.0, 0.0]
cw_psl_total_eval(이전 pseudo label 클래스별 총 샘플 수):  [0, 0, 0, 0, 0, 0, 0]
cw_psl_correct_eval(이전 pseudo label 클래스별 맞은 샘플 수):  [0, 0, 0, 0, 0, 0, 0]
psl_acc(PSL 평가에서의 정확도): None 
cw_psl_acc(이전 클래스별 PSL 평가에서의 정확도):  [nan, nan, nan, nan, nan, nan, nan]
Save model to ./experiment/few_shot/output/
tensor([[0.1380, 0.1476, 0.1444, 0.1552, 0.1443, 0.1373, 0.1331],
        [0.1465, 0.1504, 0.1334, 0.1498, 0.1427, 0.1421, 0.1351],
        [0.1504, 0.1428, 0.1353, 0.1478, 0.1502, 0.1411, 0.1323],
        [0.1473, 0.1421, 0.1359, 0.1525, 0.1496, 0.1423, 0.1303],
        [0.1443, 0.1434, 0.1381, 0.1568, 0.1451, 0.1428, 0.1295],
        [0.1509, 0.1407, 0.1400, 0.1479, 0.1446, 0.1414, 0.1345],
        [0.1531, 0.1447, 0.1394, 0.1488, 0.1515, 0.1406, 0.1220]],
       device='cuda:0')

line 303 => train data수 7
line 258 => 인스턴스 수 1
=======test_loader=======
=======dev_loader=======
=======train_labeled_loader=======
=======finish=======
>>Epoch 2 Step 1 acc_test 0.114094 f1_test 0.084065 acc_val 0.175973 f1_val 0.095767 acc_train 0.714286 f1_train 0.642857 psl_cor 0 psl_totl 0 pslt_global 0.700000  Tim 0:01:08
acc_train_cw(현재 train의 class별 acc) [1.0, 0.0, 1.0, 1.0, 1.0, 1.0, 0.0]
cw_psl_total_eval(이전 pseudo label 클래스별 총 샘플 수):  [0, 0, 0, 0, 0, 0, 0]
cw_psl_correct_eval(이전 pseudo label 클래스별 맞은 샘플 수):  [0, 0, 0, 0, 0, 0, 0]
psl_acc(PSL 평가에서의 정확도): None 
cw_psl_acc(이전 클래스별 PSL 평가에서의 정확도):  [nan, nan, nan, nan, nan, nan, nan]
Save model to ./experiment/few_shot/output/
tensor([[0.1407, 0.1448, 0.1443, 0.1529, 0.1455, 0.1438, 0.1278],
        [0.1494, 0.1408, 0.1300, 0.1424, 0.1543, 0.1453, 0.1378],
        [0.1568, 0.1387, 0.1346, 0.1406, 0.1558, 0.1417, 0.1317],
        [0.1544, 0.1392, 0.1358, 0.1435, 0.1541, 0.1479, 0.1250],
        [0.1505, 0.1428, 0.1447, 0.1402, 0.1534, 0.1460, 0.1225],
        [0.1612, 0.1419, 0.1351, 0.1335, 0.1586, 0.1411, 0.1287],
        [0.1540, 0.1466, 0.1409, 0.1394, 0.1535, 0.1407, 0.1249]],
       device='cuda:0')

line 303 => train data수 7
line 258 => 인스턴스 수 1
=======test_loader=======
=======dev_loader=======
=======train_labeled_loader=======
=======finish=======
>>Epoch 3 Step 2 acc_test 0.279642 f1_test 0.161063 acc_val 0.181049 f1_val 0.103426 acc_train 1.000000 f1_train 1.000000 psl_cor 0 psl_totl 0 pslt_global 0.700000  Tim 0:02:07
acc_train_cw(현재 train의 class별 acc) [1.0, 1.0, 1.0, 1.0, 1.0, 1.0, 1.0]
cw_psl_total_eval(이전 pseudo label 클래스별 총 샘플 수):  [0, 0, 0, 0, 0, 0, 0]
cw_psl_correct_eval(이전 pseudo label 클래스별 맞은 샘플 수):  [0, 0, 0, 0, 0, 0, 0]
psl_acc(PSL 평가에서의 정확도): None 
cw_psl_acc(이전 클래스별 PSL 평가에서의 정확도):  [nan, nan, nan, nan, nan, nan, nan]
Save model to ./experiment/few_shot/output/
tensor([[0.1373, 0.1511, 0.1469, 0.1550, 0.1398, 0.1354, 0.1346],
        [0.1402, 0.1470, 0.1322, 0.1465, 0.1451, 0.1410, 0.1480],
        [0.1565, 0.1418, 0.1355, 0.1414, 0.1478, 0.1408, 0.1363],
        [0.1496, 0.1406, 0.1381, 0.1421, 0.1520, 0.1469, 0.1308],
        [0.1465, 0.1439, 0.1434, 0.1454, 0.1455, 0.1488, 0.1264],
        [0.1633, 0.1420, 0.1330, 0.1321, 0.1570, 0.1346, 0.1380],
        [0.1556, 0.1452, 0.1426, 0.1430, 0.1493, 0.1403, 0.1239]],
       device='cuda:0')

line 303 => train data수 7
line 258 => 인스턴스 수 1
=======test_loader=======
=======dev_loader=======
=======train_labeled_loader=======
=======finish=======
>>Epoch 4 Step 3 acc_test 0.270694 f1_test 0.157018 acc_val 0.174281 f1_val 0.100531 acc_train 1.000000 f1_train 1.000000 psl_cor 0 psl_totl 0 pslt_global 0.700000  Tim 0:03:06
acc_train_cw(현재 train의 class별 acc) [1.0, 1.0, 1.0, 1.0, 1.0, 1.0, 1.0]
cw_psl_total_eval(이전 pseudo label 클래스별 총 샘플 수):  [0, 0, 0, 0, 0, 0, 0]
cw_psl_correct_eval(이전 pseudo label 클래스별 맞은 샘플 수):  [0, 0, 0, 0, 0, 0, 0]
psl_acc(PSL 평가에서의 정확도): None 
cw_psl_acc(이전 클래스별 PSL 평가에서의 정확도):  [nan, nan, nan, nan, nan, nan, nan]
tensor([[0.1277, 0.1537, 0.1480, 0.1533, 0.1411, 0.1380, 0.1383],
        [0.1462, 0.1447, 0.1306, 0.1443, 0.1464, 0.1295, 0.1582],
        [0.1573, 0.1410, 0.1334, 0.1426, 0.1519, 0.1368, 0.1370],
        [0.1451, 0.1412, 0.1376, 0.1476, 0.1474, 0.1453, 0.1359],
        [0.1438, 0.1473, 0.1482, 0.1459, 0.1436, 0.1498, 0.1213],
        [0.1666, 0.1395, 0.1326, 0.1364, 0.1579, 0.1290, 0.1379],
        [0.1524, 0.1517, 0.1440, 0.1454, 0.1433, 0.1401, 0.1230]],
       device='cuda:0')

line 303 => train data수 7
line 258 => 인스턴스 수 1
=======test_loader=======
=======dev_loader=======
=======train_labeled_loader=======
=======finish=======
>>Epoch 5 Step 4 acc_test 0.219239 f1_test 0.131950 acc_val 0.164129 f1_val 0.102340 acc_train 1.000000 f1_train 1.000000 psl_cor 0 psl_totl 0 pslt_global 0.700000  Tim 0:03:59
acc_train_cw(현재 train의 class별 acc) [1.0, 1.0, 1.0, 1.0, 1.0, 1.0, 1.0]
cw_psl_total_eval(이전 pseudo label 클래스별 총 샘플 수):  [0, 0, 0, 0, 0, 0, 0]
cw_psl_correct_eval(이전 pseudo label 클래스별 맞은 샘플 수):  [0, 0, 0, 0, 0, 0, 0]
psl_acc(PSL 평가에서의 정확도): None 
cw_psl_acc(이전 클래스별 PSL 평가에서의 정확도):  [nan, nan, nan, nan, nan, nan, nan]
tensor([[0.1250, 0.1607, 0.1484, 0.1561, 0.1362, 0.1362, 0.1375],
        [0.1494, 0.1489, 0.1267, 0.1484, 0.1458, 0.1232, 0.1576],
        [0.1583, 0.1415, 0.1357, 0.1413, 0.1530, 0.1310, 0.1392],
        [0.1394, 0.1446, 0.1410, 0.1481, 0.1436, 0.1492, 0.1340],
        [0.1363, 0.1466, 0.1432, 0.1521, 0.1459, 0.1468, 0.1291],
        [0.1708, 0.1396, 0.1313, 0.1319, 0.1616, 0.1276, 0.1373],
        [0.1531, 0.1508, 0.1463, 0.1431, 0.1450, 0.1391, 0.1225]],
       device='cuda:0')

line 303 => train data수 7
line 258 => 인스턴스 수 1
=======test_loader=======
=======dev_loader=======
=======train_labeled_loader=======
=======finish=======
>>Epoch 6 Step 5 acc_test 0.192394 f1_test 0.119987 acc_val 0.159052 f1_val 0.099631 acc_train 1.000000 f1_train 1.000000 psl_cor 0 psl_totl 0 pslt_global 0.700000  Tim 0:04:52
acc_train_cw(현재 train의 class별 acc) [1.0, 1.0, 1.0, 1.0, 1.0, 1.0, 1.0]
cw_psl_total_eval(이전 pseudo label 클래스별 총 샘플 수):  [0, 0, 0, 0, 0, 0, 0]
cw_psl_correct_eval(이전 pseudo label 클래스별 맞은 샘플 수):  [0, 0, 0, 0, 0, 0, 0]
psl_acc(PSL 평가에서의 정확도): None 
cw_psl_acc(이전 클래스별 PSL 평가에서의 정확도):  [nan, nan, nan, nan, nan, nan, nan]
tensor([[0.1280, 0.1559, 0.1519, 0.1548, 0.1362, 0.1331, 0.1400],
        [0.1537, 0.1403, 0.1275, 0.1518, 0.1472, 0.1205, 0.1590],
        [0.1594, 0.1408, 0.1338, 0.1414, 0.1568, 0.1357, 0.1322],
        [0.1387, 0.1446, 0.1367, 0.1516, 0.1423, 0.1503, 0.1359],
        [0.1365, 0.1454, 0.1474, 0.1558, 0.1437, 0.1491, 0.1220],
        [0.1825, 0.1339, 0.1281, 0.1347, 0.1596, 0.1229, 0.1382],
        [0.1583, 0.1445, 0.1471, 0.1415, 0.1433, 0.1473, 0.1180]],
       device='cuda:0')

line 303 => train data수 7
line 258 => 인스턴스 수 1
=======test_loader=======
=======dev_loader=======
=======train_labeled_loader=======
=======finish=======
>>Epoch 7 Step 6 acc_test 0.199105 f1_test 0.128668 acc_val 0.164129 f1_val 0.102839 acc_train 1.000000 f1_train 1.000000 psl_cor 0 psl_totl 0 pslt_global 0.700000  Tim 0:05:46
acc_train_cw(현재 train의 class별 acc) [1.0, 1.0, 1.0, 1.0, 1.0, 1.0, 1.0]
cw_psl_total_eval(이전 pseudo label 클래스별 총 샘플 수):  [0, 0, 0, 0, 0, 0, 0]
cw_psl_correct_eval(이전 pseudo label 클래스별 맞은 샘플 수):  [0, 0, 0, 0, 0, 0, 0]
psl_acc(PSL 평가에서의 정확도): None 
cw_psl_acc(이전 클래스별 PSL 평가에서의 정확도):  [nan, nan, nan, nan, nan, nan, nan]
tensor([[0.1257, 0.1526, 0.1570, 0.1570, 0.1345, 0.1363, 0.1369],
        [0.1543, 0.1405, 0.1243, 0.1529, 0.1506, 0.1216, 0.1558],
        [0.1637, 0.1405, 0.1314, 0.1420, 0.1544, 0.1365, 0.1315],
        [0.1412, 0.1347, 0.1413, 0.1528, 0.1405, 0.1571, 0.1324],
        [0.1422, 0.1436, 0.1471, 0.1519, 0.1425, 0.1549, 0.1178],
        [0.1839, 0.1310, 0.1294, 0.1313, 0.1640, 0.1273, 0.1331],
        [0.1510, 0.1490, 0.1465, 0.1411, 0.1455, 0.1442, 0.1227]],
       device='cuda:0')

line 303 => train data수 7
line 258 => 인스턴스 수 1
=======test_loader=======
=======dev_loader=======
=======train_labeled_loader=======
=======finish=======
>>Epoch 8 Step 7 acc_test 0.194631 f1_test 0.126887 acc_val 0.165821 f1_val 0.104185 acc_train 1.000000 f1_train 1.000000 psl_cor 0 psl_totl 0 pslt_global 0.700000  Tim 0:06:39
acc_train_cw(현재 train의 class별 acc) [1.0, 1.0, 1.0, 1.0, 1.0, 1.0, 1.0]
cw_psl_total_eval(이전 pseudo label 클래스별 총 샘플 수):  [0, 0, 0, 0, 0, 0, 0]
cw_psl_correct_eval(이전 pseudo label 클래스별 맞은 샘플 수):  [0, 0, 0, 0, 0, 0, 0]
psl_acc(PSL 평가에서의 정확도): None 
cw_psl_acc(이전 클래스별 PSL 평가에서의 정확도):  [nan, nan, nan, nan, nan, nan, nan]
tensor([[0.1266, 0.1544, 0.1627, 0.1475, 0.1347, 0.1393, 0.1348],
        [0.1544, 0.1390, 0.1269, 0.1528, 0.1456, 0.1207, 0.1606],
        [0.1660, 0.1400, 0.1360, 0.1417, 0.1553, 0.1333, 0.1275],
        [0.1423, 0.1349, 0.1380, 0.1513, 0.1409, 0.1592, 0.1334],
        [0.1422, 0.1394, 0.1422, 0.1571, 0.1438, 0.1570, 0.1183],
        [0.1840, 0.1305, 0.1271, 0.1359, 0.1623, 0.1279, 0.1324],
        [0.1586, 0.1435, 0.1460, 0.1403, 0.1424, 0.1504, 0.1187]],
       device='cuda:0')

line 303 => train data수 7
line 258 => 인스턴스 수 1
=======test_loader=======
=======dev_loader=======
=======train_labeled_loader=======
=======finish=======
>>Epoch 9 Step 8 acc_test 0.205817 f1_test 0.134357 acc_val 0.169205 f1_val 0.107743 acc_train 1.000000 f1_train 1.000000 psl_cor 0 psl_totl 0 pslt_global 0.700000  Tim 0:07:32
acc_train_cw(현재 train의 class별 acc) [1.0, 1.0, 1.0, 1.0, 1.0, 1.0, 1.0]
cw_psl_total_eval(이전 pseudo label 클래스별 총 샘플 수):  [0, 0, 0, 0, 0, 0, 0]
cw_psl_correct_eval(이전 pseudo label 클래스별 맞은 샘플 수):  [0, 0, 0, 0, 0, 0, 0]
psl_acc(PSL 평가에서의 정확도): None 
cw_psl_acc(이전 클래스별 PSL 평가에서의 정확도):  [nan, nan, nan, nan, nan, nan, nan]
tensor([[0.1259, 0.1562, 0.1586, 0.1484, 0.1357, 0.1417, 0.1334],
        [0.1576, 0.1351, 0.1259, 0.1589, 0.1465, 0.1186, 0.1574],
        [0.1641, 0.1392, 0.1343, 0.1448, 0.1483, 0.1392, 0.1303],
        [0.1442, 0.1358, 0.1438, 0.1443, 0.1402, 0.1636, 0.1282],
        [0.1388, 0.1359, 0.1442, 0.1560, 0.1442, 0.1620, 0.1189],
        [0.1872, 0.1308, 0.1306, 0.1347, 0.1587, 0.1252, 0.1328],
        [0.1568, 0.1406, 0.1522, 0.1407, 0.1414, 0.1500, 0.1182]],
       device='cuda:0')

line 303 => train data수 7
line 258 => 인스턴스 수 1
=======test_loader=======
=======dev_loader=======
=======train_labeled_loader=======
=======finish=======
>>Epoch 10 Step 9 acc_test 0.217002 f1_test 0.142069 acc_val 0.172589 f1_val 0.111031 acc_train 1.000000 f1_train 1.000000 psl_cor 0 psl_totl 0 pslt_global 0.700000  Tim 0:08:25
acc_train_cw(현재 train의 class별 acc) [1.0, 1.0, 1.0, 1.0, 1.0, 1.0, 1.0]
cw_psl_total_eval(이전 pseudo label 클래스별 총 샘플 수):  [0, 0, 0, 0, 0, 0, 0]
cw_psl_correct_eval(이전 pseudo label 클래스별 맞은 샘플 수):  [0, 0, 0, 0, 0, 0, 0]
psl_acc(PSL 평가에서의 정확도): None 
cw_psl_acc(이전 클래스별 PSL 평가에서의 정확도):  [nan, nan, nan, nan, nan, nan, nan]
tensor([[0.1223, 0.1527, 0.1632, 0.1523, 0.1340, 0.1413, 0.1342],
        [0.1490, 0.1397, 0.1295, 0.1569, 0.1433, 0.1176, 0.1641],
        [0.1631, 0.1365, 0.1314, 0.1421, 0.1500, 0.1430, 0.1339],
        [0.1397, 0.1292, 0.1452, 0.1467, 0.1413, 0.1662, 0.1317],
        [0.1422, 0.1365, 0.1494, 0.1549, 0.1429, 0.1618, 0.1124],
        [0.1828, 0.1314, 0.1277, 0.1341, 0.1573, 0.1293, 0.1374],
        [0.1639, 0.1432, 0.1468, 0.1384, 0.1349, 0.1537, 0.1191]],
       device='cuda:0')

line 303 => train data수 7
line 258 => 인스턴스 수 1
=======test_loader=======
=======dev_loader=======
=======train_labeled_loader=======
=======finish=======
>>Epoch 11 Step 10 acc_test 0.217002 f1_test 0.143833 acc_val 0.179357 f1_val 0.115877 acc_train 1.000000 f1_train 1.000000 psl_cor 0 psl_totl 0 pslt_global 0.700000  Tim 0:09:18
acc_train_cw(현재 train의 class별 acc) [1.0, 1.0, 1.0, 1.0, 1.0, 1.0, 1.0]
cw_psl_total_eval(이전 pseudo label 클래스별 총 샘플 수):  [0, 0, 0, 0, 0, 0, 0]
cw_psl_correct_eval(이전 pseudo label 클래스별 맞은 샘플 수):  [0, 0, 0, 0, 0, 0, 0]
psl_acc(PSL 평가에서의 정확도): None 
cw_psl_acc(이전 클래스별 PSL 평가에서의 정확도):  [nan, nan, nan, nan, nan, nan, nan]
tensor([[0.1172, 0.1547, 0.1611, 0.1478, 0.1370, 0.1427, 0.1394],
        [0.1466, 0.1392, 0.1262, 0.1601, 0.1389, 0.1203, 0.1688],
        [0.1611, 0.1401, 0.1315, 0.1457, 0.1474, 0.1422, 0.1321],
        [0.1410, 0.1344, 0.1376, 0.1464, 0.1356, 0.1700, 0.1349],
        [0.1373, 0.1373, 0.1471, 0.1573, 0.1391, 0.1631, 0.1187],
        [0.1814, 0.1289, 0.1284, 0.1362, 0.1602, 0.1294, 0.1355],
        [0.1626, 0.1452, 0.1484, 0.1367, 0.1346, 0.1520, 0.1206]],
       device='cuda:0')

line 303 => train data수 7
line 258 => 인스턴스 수 1
=======test_loader=======
=======dev_loader=======
=======train_labeled_loader=======
=======finish=======
>>Epoch 12 Step 11 acc_test 0.203579 f1_test 0.138644 acc_val 0.174281 f1_val 0.113282 acc_train 1.000000 f1_train 1.000000 psl_cor 0 psl_totl 0 pslt_global 0.700000  Tim 0:10:11
acc_train_cw(현재 train의 class별 acc) [1.0, 1.0, 1.0, 1.0, 1.0, 1.0, 1.0]
cw_psl_total_eval(이전 pseudo label 클래스별 총 샘플 수):  [0, 0, 0, 0, 0, 0, 0]
cw_psl_correct_eval(이전 pseudo label 클래스별 맞은 샘플 수):  [0, 0, 0, 0, 0, 0, 0]
psl_acc(PSL 평가에서의 정확도): None 
cw_psl_acc(이전 클래스별 PSL 평가에서의 정확도):  [nan, nan, nan, nan, nan, nan, nan]
tensor([[0.1233, 0.1541, 0.1632, 0.1406, 0.1375, 0.1452, 0.1361],
        [0.1438, 0.1431, 0.1248, 0.1595, 0.1370, 0.1209, 0.1709],
        [0.1594, 0.1377, 0.1295, 0.1472, 0.1444, 0.1411, 0.1407],
        [0.1409, 0.1293, 0.1451, 0.1424, 0.1373, 0.1675, 0.1376],
        [0.1311, 0.1379, 0.1499, 0.1636, 0.1376, 0.1610, 0.1190],
        [0.1775, 0.1291, 0.1277, 0.1393, 0.1547, 0.1268, 0.1449],
        [0.1545, 0.1481, 0.1541, 0.1364, 0.1344, 0.1510, 0.1215]],
       device='cuda:0')

line 303 => train data수 7
line 258 => 인스턴스 수 1
=======test_loader=======
=======dev_loader=======
=======train_labeled_loader=======
=======finish=======
>>Epoch 13 Step 12 acc_test 0.203579 f1_test 0.140805 acc_val 0.174281 f1_val 0.113421 acc_train 1.000000 f1_train 1.000000 psl_cor 0 psl_totl 0 pslt_global 0.700000  Tim 0:11:04
acc_train_cw(현재 train의 class별 acc) [1.0, 1.0, 1.0, 1.0, 1.0, 1.0, 1.0]
cw_psl_total_eval(이전 pseudo label 클래스별 총 샘플 수):  [0, 0, 0, 0, 0, 0, 0]
cw_psl_correct_eval(이전 pseudo label 클래스별 맞은 샘플 수):  [0, 0, 0, 0, 0, 0, 0]
psl_acc(PSL 평가에서의 정확도): None 
cw_psl_acc(이전 클래스별 PSL 평가에서의 정확도):  [nan, nan, nan, nan, nan, nan, nan]
tensor([[0.1173, 0.1610, 0.1645, 0.1414, 0.1341, 0.1451, 0.1366],
        [0.1420, 0.1399, 0.1271, 0.1591, 0.1355, 0.1197, 0.1766],
        [0.1555, 0.1415, 0.1382, 0.1470, 0.1431, 0.1336, 0.1411],
        [0.1369, 0.1300, 0.1389, 0.1473, 0.1374, 0.1677, 0.1417],
        [0.1340, 0.1404, 0.1508, 0.1564, 0.1361, 0.1631, 0.1191],
        [0.1802, 0.1297, 0.1283, 0.1366, 0.1569, 0.1291, 0.1392],
        [0.1548, 0.1470, 0.1524, 0.1360, 0.1374, 0.1488, 0.1236]],
       device='cuda:0')

line 303 => train data수 7
line 258 => 인스턴스 수 1
=======test_loader=======
=======dev_loader=======
=======train_labeled_loader=======
=======finish=======
>>Epoch 14 Step 13 acc_test 0.203579 f1_test 0.141077 acc_val 0.169205 f1_val 0.109985 acc_train 1.000000 f1_train 1.000000 psl_cor 0 psl_totl 0 pslt_global 0.700000  Tim 0:11:58
acc_train_cw(현재 train의 class별 acc) [1.0, 1.0, 1.0, 1.0, 1.0, 1.0, 1.0]
cw_psl_total_eval(이전 pseudo label 클래스별 총 샘플 수):  [0, 0, 0, 0, 0, 0, 0]
cw_psl_correct_eval(이전 pseudo label 클래스별 맞은 샘플 수):  [0, 0, 0, 0, 0, 0, 0]
psl_acc(PSL 평가에서의 정확도): None 
cw_psl_acc(이전 클래스별 PSL 평가에서의 정확도):  [nan, nan, nan, nan, nan, nan, nan]
tensor([[0.1194, 0.1596, 0.1681, 0.1354, 0.1336, 0.1450, 0.1388],
        [0.1377, 0.1429, 0.1268, 0.1645, 0.1358, 0.1192, 0.1730],
        [0.1630, 0.1409, 0.1262, 0.1451, 0.1430, 0.1411, 0.1407],
        [0.1404, 0.1370, 0.1395, 0.1422, 0.1352, 0.1651, 0.1407],
        [0.1349, 0.1365, 0.1494, 0.1573, 0.1369, 0.1659, 0.1191],
        [0.1817, 0.1307, 0.1249, 0.1314, 0.1642, 0.1300, 0.1371],
        [0.1569, 0.1522, 0.1461, 0.1350, 0.1377, 0.1503, 0.1218]],
       device='cuda:0')

line 303 => train data수 7
line 258 => 인스턴스 수 1
=======test_loader=======
=======dev_loader=======
=======train_labeled_loader=======
=======finish=======
>>Epoch 15 Step 14 acc_test 0.205817 f1_test 0.139431 acc_val 0.165821 f1_val 0.107533 acc_train 1.000000 f1_train 1.000000 psl_cor 0 psl_totl 0 pslt_global 0.700000  Tim 0:12:51
acc_train_cw(현재 train의 class별 acc) [1.0, 1.0, 1.0, 1.0, 1.0, 1.0, 1.0]
cw_psl_total_eval(이전 pseudo label 클래스별 총 샘플 수):  [0, 0, 0, 0, 0, 0, 0]
cw_psl_correct_eval(이전 pseudo label 클래스별 맞은 샘플 수):  [0, 0, 0, 0, 0, 0, 0]
psl_acc(PSL 평가에서의 정확도): None 
cw_psl_acc(이전 클래스별 PSL 평가에서의 정확도):  [nan, nan, nan, nan, nan, nan, nan]
tensor([[0.1222, 0.1630, 0.1670, 0.1357, 0.1342, 0.1446, 0.1333],
        [0.1505, 0.1455, 0.1175, 0.1514, 0.1426, 0.1184, 0.1741],
        [0.1661, 0.1402, 0.1282, 0.1447, 0.1483, 0.1417, 0.1308],
        [0.1413, 0.1310, 0.1380, 0.1472, 0.1333, 0.1700, 0.1393],
        [0.1368, 0.1381, 0.1487, 0.1632, 0.1321, 0.1666, 0.1145],
        [0.1878, 0.1357, 0.1228, 0.1349, 0.1612, 0.1235, 0.1341],
        [0.1604, 0.1509, 0.1498, 0.1349, 0.1366, 0.1442, 0.1231]],
       device='cuda:0')

line 303 => train data수 7
line 258 => 인스턴스 수 1
=======test_loader=======
=======dev_loader=======
=======train_labeled_loader=======
=======finish=======
>>Epoch 16 Step 15 acc_test 0.210291 f1_test 0.139666 acc_val 0.169205 f1_val 0.109037 acc_train 1.000000 f1_train 1.000000 psl_cor 0 psl_totl 0 pslt_global 0.700000  Tim 0:13:44
acc_train_cw(현재 train의 class별 acc) [1.0, 1.0, 1.0, 1.0, 1.0, 1.0, 1.0]
cw_psl_total_eval(이전 pseudo label 클래스별 총 샘플 수):  [0, 0, 0, 0, 0, 0, 0]
cw_psl_correct_eval(이전 pseudo label 클래스별 맞은 샘플 수):  [0, 0, 0, 0, 0, 0, 0]
psl_acc(PSL 평가에서의 정확도): None 
cw_psl_acc(이전 클래스별 PSL 평가에서의 정확도):  [nan, nan, nan, nan, nan, nan, nan]
tensor([[0.1221, 0.1663, 0.1687, 0.1351, 0.1361, 0.1388, 0.1329],
        [0.1550, 0.1395, 0.1195, 0.1552, 0.1463, 0.1183, 0.1663],
        [0.1690, 0.1368, 0.1304, 0.1389, 0.1508, 0.1463, 0.1278],
        [0.1454, 0.1325, 0.1360, 0.1388, 0.1366, 0.1821, 0.1288],
        [0.1381, 0.1362, 0.1511, 0.1614, 0.1358, 0.1636, 0.1137],
        [0.1967, 0.1303, 0.1222, 0.1349, 0.1588, 0.1231, 0.1340],
        [0.1665, 0.1490, 0.1458, 0.1347, 0.1327, 0.1529, 0.1185]],
       device='cuda:0')

line 303 => train data수 7
line 258 => 인스턴스 수 1
=======test_loader=======
=======dev_loader=======
=======train_labeled_loader=======
=======finish=======
>>Epoch 17 Step 16 acc_test 0.214765 f1_test 0.140440 acc_val 0.175973 f1_val 0.112395 acc_train 1.000000 f1_train 1.000000 psl_cor 0 psl_totl 0 pslt_global 0.700000  Tim 0:14:37
acc_train_cw(현재 train의 class별 acc) [1.0, 1.0, 1.0, 1.0, 1.0, 1.0, 1.0]
cw_psl_total_eval(이전 pseudo label 클래스별 총 샘플 수):  [0, 0, 0, 0, 0, 0, 0]
cw_psl_correct_eval(이전 pseudo label 클래스별 맞은 샘플 수):  [0, 0, 0, 0, 0, 0, 0]
psl_acc(PSL 평가에서의 정확도): None 
cw_psl_acc(이전 클래스별 PSL 평가에서의 정확도):  [nan, nan, nan, nan, nan, nan, nan]
tensor([[0.1195, 0.1694, 0.1692, 0.1336, 0.1369, 0.1421, 0.1293],
        [0.1496, 0.1437, 0.1232, 0.1630, 0.1368, 0.1212, 0.1624],
        [0.1696, 0.1382, 0.1235, 0.1438, 0.1506, 0.1464, 0.1278],
        [0.1421, 0.1344, 0.1354, 0.1486, 0.1319, 0.1758, 0.1318],
        [0.1375, 0.1388, 0.1452, 0.1582, 0.1412, 0.1654, 0.1137],
        [0.1951, 0.1294, 0.1228, 0.1360, 0.1564, 0.1277, 0.1326],
        [0.1663, 0.1474, 0.1541, 0.1329, 0.1344, 0.1487, 0.1160]],
       device='cuda:0')

line 303 => train data수 7
line 258 => 인스턴스 수 1
=======test_loader=======
=======dev_loader=======
=======train_labeled_loader=======
=======finish=======
>>Epoch 18 Step 17 acc_test 0.208054 f1_test 0.138487 acc_val 0.170897 f1_val 0.106901 acc_train 1.000000 f1_train 1.000000 psl_cor 0 psl_totl 0 pslt_global 0.700000  Tim 0:15:30
acc_train_cw(현재 train의 class별 acc) [1.0, 1.0, 1.0, 1.0, 1.0, 1.0, 1.0]
cw_psl_total_eval(이전 pseudo label 클래스별 총 샘플 수):  [0, 0, 0, 0, 0, 0, 0]
cw_psl_correct_eval(이전 pseudo label 클래스별 맞은 샘플 수):  [0, 0, 0, 0, 0, 0, 0]
psl_acc(PSL 평가에서의 정확도): None 
cw_psl_acc(이전 클래스별 PSL 평가에서의 정확도):  [nan, nan, nan, nan, nan, nan, nan]
tensor([[0.1186, 0.1638, 0.1681, 0.1369, 0.1325, 0.1477, 0.1323],
        [0.1501, 0.1409, 0.1202, 0.1577, 0.1366, 0.1227, 0.1718],
        [0.1709, 0.1348, 0.1305, 0.1449, 0.1529, 0.1389, 0.1272],
        [0.1399, 0.1328, 0.1366, 0.1456, 0.1329, 0.1828, 0.1294],
        [0.1350, 0.1322, 0.1493, 0.1746, 0.1353, 0.1614, 0.1122],
        [0.1890, 0.1290, 0.1215, 0.1386, 0.1634, 0.1243, 0.1341],
        [0.1610, 0.1451, 0.1497, 0.1359, 0.1358, 0.1543, 0.1183]],
       device='cuda:0')

line 303 => train data수 7
line 258 => 인스턴스 수 1
=======test_loader=======
=======dev_loader=======
=======train_labeled_loader=======
=======finish=======
>>Epoch 19 Step 18 acc_test 0.201342 f1_test 0.135077 acc_val 0.175973 f1_val 0.108943 acc_train 1.000000 f1_train 1.000000 psl_cor 0 psl_totl 0 pslt_global 0.700000  Tim 0:16:23
acc_train_cw(현재 train의 class별 acc) [1.0, 1.0, 1.0, 1.0, 1.0, 1.0, 1.0]
cw_psl_total_eval(이전 pseudo label 클래스별 총 샘플 수):  [0, 0, 0, 0, 0, 0, 0]
cw_psl_correct_eval(이전 pseudo label 클래스별 맞은 샘플 수):  [0, 0, 0, 0, 0, 0, 0]
psl_acc(PSL 평가에서의 정확도): None 
cw_psl_acc(이전 클래스별 PSL 평가에서의 정확도):  [nan, nan, nan, nan, nan, nan, nan]
tensor([[0.1175, 0.1645, 0.1717, 0.1370, 0.1366, 0.1440, 0.1288],
        [0.1548, 0.1341, 0.1194, 0.1678, 0.1412, 0.1172, 0.1656],
        [0.1677, 0.1391, 0.1265, 0.1449, 0.1481, 0.1465, 0.1272],
        [0.1402, 0.1305, 0.1410, 0.1483, 0.1316, 0.1778, 0.1306],
        [0.1326, 0.1356, 0.1454, 0.1693, 0.1367, 0.1672, 0.1133],
        [0.1981, 0.1255, 0.1247, 0.1366, 0.1600, 0.1237, 0.1314],
        [0.1617, 0.1503, 0.1486, 0.1357, 0.1370, 0.1516, 0.1152]],
       device='cuda:0')

line 303 => train data수 7
line 258 => 인스턴스 수 1
=======test_loader=======
=======dev_loader=======
=======train_labeled_loader=======
=======finish=======
>>Epoch 20 Step 19 acc_test 0.205817 f1_test 0.140145 acc_val 0.177665 f1_val 0.108608 acc_train 1.000000 f1_train 1.000000 psl_cor 0 psl_totl 0 pslt_global 0.700000  Tim 0:17:16
acc_train_cw(현재 train의 class별 acc) [1.0, 1.0, 1.0, 1.0, 1.0, 1.0, 1.0]
cw_psl_total_eval(이전 pseudo label 클래스별 총 샘플 수):  [0, 0, 0, 0, 0, 0, 0]
cw_psl_correct_eval(이전 pseudo label 클래스별 맞은 샘플 수):  [0, 0, 0, 0, 0, 0, 0]
psl_acc(PSL 평가에서의 정확도): None 
cw_psl_acc(이전 클래스별 PSL 평가에서의 정확도):  [nan, nan, nan, nan, nan, nan, nan]
tensor([[0.1174, 0.1670, 0.1627, 0.1433, 0.1355, 0.1444, 0.1297],
        [0.1458, 0.1376, 0.1193, 0.1746, 0.1393, 0.1131, 0.1702],
        [0.1612, 0.1370, 0.1261, 0.1455, 0.1509, 0.1486, 0.1307],
        [0.1337, 0.1337, 0.1387, 0.1533, 0.1325, 0.1751, 0.1329],
        [0.1364, 0.1360, 0.1438, 0.1713, 0.1333, 0.1657, 0.1136],
        [0.1940, 0.1264, 0.1257, 0.1341, 0.1655, 0.1251, 0.1291],
        [0.1600, 0.1453, 0.1494, 0.1435, 0.1286, 0.1562, 0.1170]],
       device='cuda:0')

line 303 => train data수 7
line 258 => 인스턴스 수 1
=======test_loader=======
=======dev_loader=======
=======train_labeled_loader=======
=======finish=======
>>Epoch 21 Step 20 acc_test 0.203579 f1_test 0.140060 acc_val 0.182741 f1_val 0.110047 acc_train 1.000000 f1_train 1.000000 psl_cor 0 psl_totl 0 pslt_global 0.700000  Tim 0:18:09
acc_train_cw(현재 train의 class별 acc) [1.0, 1.0, 1.0, 1.0, 1.0, 1.0, 1.0]
cw_psl_total_eval(이전 pseudo label 클래스별 총 샘플 수):  [0, 0, 0, 0, 0, 0, 0]
cw_psl_correct_eval(이전 pseudo label 클래스별 맞은 샘플 수):  [0, 0, 0, 0, 0, 0, 0]
psl_acc(PSL 평가에서의 정확도): None 
cw_psl_acc(이전 클래스별 PSL 평가에서의 정확도):  [nan, nan, nan, nan, nan, nan, nan]
Save model to ./experiment/few_shot/output/
tensor([[0.1158, 0.1675, 0.1667, 0.1344, 0.1300, 0.1467, 0.1388],
        [0.1474, 0.1353, 0.1225, 0.1665, 0.1415, 0.1131, 0.1738],
        [0.1635, 0.1317, 0.1281, 0.1491, 0.1472, 0.1440, 0.1364],
        [0.1390, 0.1271, 0.1394, 0.1536, 0.1311, 0.1823, 0.1275],
        [0.1347, 0.1376, 0.1496, 0.1739, 0.1308, 0.1626, 0.1109],
        [0.1932, 0.1253, 0.1249, 0.1341, 0.1648, 0.1231, 0.1345],
        [0.1581, 0.1462, 0.1515, 0.1368, 0.1344, 0.1561, 0.1169]],
       device='cuda:0')

line 303 => train data수 7
line 258 => 인스턴스 수 1
=======test_loader=======
=======dev_loader=======
=======train_labeled_loader=======
=======finish=======
>>Epoch 22 Step 21 acc_test 0.199105 f1_test 0.137780 acc_val 0.179357 f1_val 0.107658 acc_train 1.000000 f1_train 1.000000 psl_cor 0 psl_totl 0 pslt_global 0.700000  Tim 0:19:08
acc_train_cw(현재 train의 class별 acc) [1.0, 1.0, 1.0, 1.0, 1.0, 1.0, 1.0]
cw_psl_total_eval(이전 pseudo label 클래스별 총 샘플 수):  [0, 0, 0, 0, 0, 0, 0]
cw_psl_correct_eval(이전 pseudo label 클래스별 맞은 샘플 수):  [0, 0, 0, 0, 0, 0, 0]
psl_acc(PSL 평가에서의 정확도): None 
cw_psl_acc(이전 클래스별 PSL 평가에서의 정확도):  [nan, nan, nan, nan, nan, nan, nan]
tensor([[0.1110, 0.1663, 0.1689, 0.1450, 0.1319, 0.1407, 0.1362],
        [0.1482, 0.1344, 0.1194, 0.1674, 0.1434, 0.1147, 0.1725],
        [0.1703, 0.1351, 0.1243, 0.1489, 0.1506, 0.1392, 0.1317],
        [0.1336, 0.1293, 0.1386, 0.1488, 0.1321, 0.1823, 0.1352],
        [0.1299, 0.1356, 0.1486, 0.1764, 0.1334, 0.1631, 0.1130],
        [0.1940, 0.1223, 0.1241, 0.1393, 0.1599, 0.1264, 0.1341],
        [0.1573, 0.1510, 0.1463, 0.1430, 0.1332, 0.1514, 0.1178]],
       device='cuda:0')

line 303 => train data수 7
line 258 => 인스턴스 수 1
=======test_loader=======
=======dev_loader=======
=======train_labeled_loader=======
=======finish=======
>>Epoch 23 Step 22 acc_test 0.199105 f1_test 0.138408 acc_val 0.179357 f1_val 0.108458 acc_train 1.000000 f1_train 1.000000 psl_cor 0 psl_totl 0 pslt_global 0.700000  Tim 0:20:01
acc_train_cw(현재 train의 class별 acc) [1.0, 1.0, 1.0, 1.0, 1.0, 1.0, 1.0]
cw_psl_total_eval(이전 pseudo label 클래스별 총 샘플 수):  [0, 0, 0, 0, 0, 0, 0]
cw_psl_correct_eval(이전 pseudo label 클래스별 맞은 샘플 수):  [0, 0, 0, 0, 0, 0, 0]
psl_acc(PSL 평가에서의 정확도): None 
cw_psl_acc(이전 클래스별 PSL 평가에서의 정확도):  [nan, nan, nan, nan, nan, nan, nan]
tensor([[0.1104, 0.1715, 0.1684, 0.1415, 0.1345, 0.1380, 0.1357],
        [0.1429, 0.1391, 0.1230, 0.1721, 0.1408, 0.1140, 0.1681],
        [0.1654, 0.1384, 0.1303, 0.1493, 0.1474, 0.1374, 0.1317],
        [0.1384, 0.1267, 0.1398, 0.1496, 0.1329, 0.1811, 0.1315],
        [0.1340, 0.1339, 0.1460, 0.1770, 0.1317, 0.1626, 0.1148],
        [0.1957, 0.1242, 0.1212, 0.1426, 0.1624, 0.1209, 0.1330],
        [0.1595, 0.1503, 0.1504, 0.1370, 0.1316, 0.1521, 0.1190]],
       device='cuda:0')

line 303 => train data수 7
line 258 => 인스턴스 수 1
=======test_loader=======
=======dev_loader=======
=======train_labeled_loader=======
=======finish=======
>>Epoch 24 Step 23 acc_test 0.199105 f1_test 0.137076 acc_val 0.177665 f1_val 0.108118 acc_train 1.000000 f1_train 1.000000 psl_cor 0 psl_totl 0 pslt_global 0.700000  Tim 0:20:54
acc_train_cw(현재 train의 class별 acc) [1.0, 1.0, 1.0, 1.0, 1.0, 1.0, 1.0]
cw_psl_total_eval(이전 pseudo label 클래스별 총 샘플 수):  [0, 0, 0, 0, 0, 0, 0]
cw_psl_correct_eval(이전 pseudo label 클래스별 맞은 샘플 수):  [0, 0, 0, 0, 0, 0, 0]
psl_acc(PSL 평가에서의 정확도): None 
cw_psl_acc(이전 클래스별 PSL 평가에서의 정확도):  [nan, nan, nan, nan, nan, nan, nan]
tensor([[0.1127, 0.1705, 0.1669, 0.1388, 0.1316, 0.1415, 0.1381],
        [0.1452, 0.1362, 0.1244, 0.1724, 0.1463, 0.1091, 0.1664],
        [0.1792, 0.1310, 0.1290, 0.1401, 0.1526, 0.1402, 0.1280],
        [0.1352, 0.1330, 0.1413, 0.1460, 0.1315, 0.1780, 0.1350],
        [0.1288, 0.1342, 0.1479, 0.1806, 0.1310, 0.1653, 0.1122],
        [0.1981, 0.1228, 0.1190, 0.1417, 0.1629, 0.1201, 0.1354],
        [0.1669, 0.1485, 0.1471, 0.1383, 0.1329, 0.1493, 0.1170]],
       device='cuda:0')

line 303 => train data수 7
line 258 => 인스턴스 수 1
=======test_loader=======
=======dev_loader=======
=======train_labeled_loader=======
=======finish=======
>>Epoch 25 Step 24 acc_test 0.201342 f1_test 0.137156 acc_val 0.179357 f1_val 0.110564 acc_train 1.000000 f1_train 1.000000 psl_cor 0 psl_totl 0 pslt_global 0.700000  Tim 0:21:47
acc_train_cw(현재 train의 class별 acc) [1.0, 1.0, 1.0, 1.0, 1.0, 1.0, 1.0]
cw_psl_total_eval(이전 pseudo label 클래스별 총 샘플 수):  [0, 0, 0, 0, 0, 0, 0]
cw_psl_correct_eval(이전 pseudo label 클래스별 맞은 샘플 수):  [0, 0, 0, 0, 0, 0, 0]
psl_acc(PSL 평가에서의 정확도): None 
cw_psl_acc(이전 클래스별 PSL 평가에서의 정확도):  [nan, nan, nan, nan, nan, nan, nan]
tensor([[0.1124, 0.1700, 0.1702, 0.1415, 0.1303, 0.1413, 0.1343],
        [0.1518, 0.1317, 0.1201, 0.1715, 0.1409, 0.1107, 0.1734],
        [0.1747, 0.1366, 0.1232, 0.1427, 0.1498, 0.1428, 0.1302],
        [0.1441, 0.1280, 0.1380, 0.1461, 0.1282, 0.1803, 0.1353],
        [0.1343, 0.1371, 0.1507, 0.1695, 0.1340, 0.1663, 0.1080],
        [0.2031, 0.1237, 0.1224, 0.1340, 0.1663, 0.1227, 0.1278],
        [0.1662, 0.1485, 0.1507, 0.1370, 0.1274, 0.1537, 0.1165]],
       device='cuda:0')

line 303 => train data수 7
line 258 => 인스턴스 수 1
=======test_loader=======
=======dev_loader=======
=======train_labeled_loader=======
=======finish=======
>>Epoch 26 Step 25 acc_test 0.205817 f1_test 0.139310 acc_val 0.177665 f1_val 0.110301 acc_train 1.000000 f1_train 1.000000 psl_cor 0 psl_totl 0 pslt_global 0.700000  Tim 0:22:40
acc_train_cw(현재 train의 class별 acc) [1.0, 1.0, 1.0, 1.0, 1.0, 1.0, 1.0]
cw_psl_total_eval(이전 pseudo label 클래스별 총 샘플 수):  [0, 0, 0, 0, 0, 0, 0]
cw_psl_correct_eval(이전 pseudo label 클래스별 맞은 샘플 수):  [0, 0, 0, 0, 0, 0, 0]
psl_acc(PSL 평가에서의 정확도): None 
cw_psl_acc(이전 클래스별 PSL 평가에서의 정확도):  [nan, nan, nan, nan, nan, nan, nan]
tensor([[0.1160, 0.1710, 0.1657, 0.1364, 0.1284, 0.1440, 0.1386],
        [0.1566, 0.1356, 0.1161, 0.1687, 0.1445, 0.1101, 0.1684],
        [0.1730, 0.1377, 0.1237, 0.1418, 0.1566, 0.1393, 0.1279],
        [0.1447, 0.1272, 0.1391, 0.1449, 0.1274, 0.1851, 0.1316],
        [0.1407, 0.1372, 0.1474, 0.1640, 0.1366, 0.1658, 0.1083],
        [0.2035, 0.1274, 0.1197, 0.1380, 0.1619, 0.1199, 0.1295],
        [0.1589, 0.1552, 0.1549, 0.1331, 0.1367, 0.1502, 0.1110]],
       device='cuda:0')

line 303 => train data수 7
line 258 => 인스턴스 수 1
=======test_loader=======
=======dev_loader=======
=======train_labeled_loader=======
=======finish=======
>>Epoch 27 Step 26 acc_test 0.208054 f1_test 0.140297 acc_val 0.175973 f1_val 0.108135 acc_train 1.000000 f1_train 1.000000 psl_cor 0 psl_totl 0 pslt_global 0.700000  Tim 0:23:33
acc_train_cw(현재 train의 class별 acc) [1.0, 1.0, 1.0, 1.0, 1.0, 1.0, 1.0]
cw_psl_total_eval(이전 pseudo label 클래스별 총 샘플 수):  [0, 0, 0, 0, 0, 0, 0]
cw_psl_correct_eval(이전 pseudo label 클래스별 맞은 샘플 수):  [0, 0, 0, 0, 0, 0, 0]
psl_acc(PSL 평가에서의 정확도): None 
cw_psl_acc(이전 클래스별 PSL 평가에서의 정확도):  [nan, nan, nan, nan, nan, nan, nan]
tensor([[0.1131, 0.1721, 0.1684, 0.1343, 0.1307, 0.1453, 0.1361],
        [0.1557, 0.1378, 0.1158, 0.1662, 0.1396, 0.1128, 0.1720],
        [0.1672, 0.1380, 0.1198, 0.1410, 0.1560, 0.1470, 0.1311],
        [0.1376, 0.1364, 0.1316, 0.1452, 0.1291, 0.1879, 0.1321],
        [0.1344, 0.1396, 0.1554, 0.1617, 0.1344, 0.1701, 0.1045],
        [0.1993, 0.1266, 0.1186, 0.1407, 0.1622, 0.1172, 0.1355],
        [0.1625, 0.1525, 0.1448, 0.1397, 0.1331, 0.1492, 0.1182]],
       device='cuda:0')

line 303 => train data수 7
line 258 => 인스턴스 수 1
=======test_loader=======
=======dev_loader=======
=======train_labeled_loader=======
=======finish=======
>>Epoch 28 Step 27 acc_test 0.212528 f1_test 0.142560 acc_val 0.177665 f1_val 0.108752 acc_train 1.000000 f1_train 1.000000 psl_cor 0 psl_totl 0 pslt_global 0.700000  Tim 0:24:26
acc_train_cw(현재 train의 class별 acc) [1.0, 1.0, 1.0, 1.0, 1.0, 1.0, 1.0]
cw_psl_total_eval(이전 pseudo label 클래스별 총 샘플 수):  [0, 0, 0, 0, 0, 0, 0]
cw_psl_correct_eval(이전 pseudo label 클래스별 맞은 샘플 수):  [0, 0, 0, 0, 0, 0, 0]
psl_acc(PSL 평가에서의 정확도): None 
cw_psl_acc(이전 클래스별 PSL 평가에서의 정확도):  [nan, nan, nan, nan, nan, nan, nan]
tensor([[0.1143, 0.1760, 0.1692, 0.1358, 0.1337, 0.1360, 0.1351],
        [0.1615, 0.1362, 0.1168, 0.1664, 0.1414, 0.1092, 0.1685],
        [0.1723, 0.1348, 0.1219, 0.1505, 0.1460, 0.1454, 0.1291],
        [0.1376, 0.1319, 0.1367, 0.1433, 0.1300, 0.1907, 0.1299],
        [0.1383, 0.1414, 0.1434, 0.1746, 0.1299, 0.1665, 0.1058],
        [0.2022, 0.1248, 0.1190, 0.1371, 0.1631, 0.1185, 0.1352],
        [0.1691, 0.1485, 0.1466, 0.1413, 0.1292, 0.1510, 0.1145]],
       device='cuda:0')

line 303 => train data수 7
line 258 => 인스턴스 수 1
=======test_loader=======
=======dev_loader=======
=======train_labeled_loader=======
=======finish=======
>>Epoch 29 Step 28 acc_test 0.208054 f1_test 0.139938 acc_val 0.175973 f1_val 0.107119 acc_train 1.000000 f1_train 1.000000 psl_cor 0 psl_totl 0 pslt_global 0.700000  Tim 0:25:19
acc_train_cw(현재 train의 class별 acc) [1.0, 1.0, 1.0, 1.0, 1.0, 1.0, 1.0]
cw_psl_total_eval(이전 pseudo label 클래스별 총 샘플 수):  [0, 0, 0, 0, 0, 0, 0]
cw_psl_correct_eval(이전 pseudo label 클래스별 맞은 샘플 수):  [0, 0, 0, 0, 0, 0, 0]
psl_acc(PSL 평가에서의 정확도): None 
cw_psl_acc(이전 클래스별 PSL 평가에서의 정확도):  [nan, nan, nan, nan, nan, nan, nan]
tensor([[0.1105, 0.1841, 0.1707, 0.1357, 0.1318, 0.1372, 0.1300],
        [0.1528, 0.1313, 0.1201, 0.1780, 0.1385, 0.1089, 0.1706],
        [0.1760, 0.1360, 0.1244, 0.1462, 0.1532, 0.1393, 0.1250],
        [0.1349, 0.1331, 0.1324, 0.1515, 0.1294, 0.1915, 0.1273],
        [0.1331, 0.1363, 0.1492, 0.1690, 0.1302, 0.1749, 0.1073],
        [0.1996, 0.1250, 0.1182, 0.1412, 0.1612, 0.1210, 0.1338],
        [0.1658, 0.1493, 0.1500, 0.1438, 0.1269, 0.1513, 0.1131]],
       device='cuda:0')

line 303 => train data수 7
line 258 => 인스턴스 수 1
=======test_loader=======
=======dev_loader=======
=======train_labeled_loader=======
=======finish=======
>>Epoch 30 Step 29 acc_test 0.203579 f1_test 0.139395 acc_val 0.177665 f1_val 0.106263 acc_train 1.000000 f1_train 1.000000 psl_cor 0 psl_totl 0 pslt_global 0.700000  Tim 0:26:12
acc_train_cw(현재 train의 class별 acc) [1.0, 1.0, 1.0, 1.0, 1.0, 1.0, 1.0]
cw_psl_total_eval(이전 pseudo label 클래스별 총 샘플 수):  [0, 0, 0, 0, 0, 0, 0]
cw_psl_correct_eval(이전 pseudo label 클래스별 맞은 샘플 수):  [0, 0, 0, 0, 0, 0, 0]
psl_acc(PSL 평가에서의 정확도): None 
cw_psl_acc(이전 클래스별 PSL 평가에서의 정확도):  [nan, nan, nan, nan, nan, nan, nan]
tensor([[0.1120, 0.1730, 0.1725, 0.1414, 0.1285, 0.1389, 0.1337],
        [0.1521, 0.1350, 0.1175, 0.1777, 0.1384, 0.1092, 0.1702],
        [0.1702, 0.1386, 0.1223, 0.1548, 0.1464, 0.1391, 0.1285],
        [0.1367, 0.1289, 0.1401, 0.1485, 0.1259, 0.1905, 0.1294],
        [0.1348, 0.1358, 0.1557, 0.1728, 0.1310, 0.1665, 0.1034],
        [0.2042, 0.1255, 0.1194, 0.1344, 0.1622, 0.1180, 0.1362],
        [0.1619, 0.1541, 0.1534, 0.1405, 0.1265, 0.1480, 0.1156]],
       device='cuda:0')

line 303 => train data수 7
line 258 => 인스턴스 수 1
=======test_loader=======
=======dev_loader=======
=======train_labeled_loader=======
=======finish=======
>>Epoch 31 Step 30 acc_test 0.205817 f1_test 0.142990 acc_val 0.175973 f1_val 0.103444 acc_train 1.000000 f1_train 1.000000 psl_cor 0 psl_totl 0 pslt_global 0.700000  Tim 0:27:05
acc_train_cw(현재 train의 class별 acc) [1.0, 1.0, 1.0, 1.0, 1.0, 1.0, 1.0]
cw_psl_total_eval(이전 pseudo label 클래스별 총 샘플 수):  [0, 0, 0, 0, 0, 0, 0]
cw_psl_correct_eval(이전 pseudo label 클래스별 맞은 샘플 수):  [0, 0, 0, 0, 0, 0, 0]
psl_acc(PSL 평가에서의 정확도): None 
cw_psl_acc(이전 클래스별 PSL 평가에서의 정확도):  [nan, nan, nan, nan, nan, nan, nan]
tensor([[0.1098, 0.1726, 0.1765, 0.1374, 0.1279, 0.1424, 0.1334],
        [0.1464, 0.1383, 0.1179, 0.1736, 0.1328, 0.1138, 0.1770],
        [0.1700, 0.1361, 0.1228, 0.1465, 0.1539, 0.1409, 0.1297],
        [0.1349, 0.1339, 0.1362, 0.1526, 0.1279, 0.1913, 0.1233],
        [0.1284, 0.1351, 0.1436, 0.1827, 0.1345, 0.1684, 0.1073],
        [0.2004, 0.1213, 0.1183, 0.1440, 0.1603, 0.1183, 0.1373],
        [0.1649, 0.1523, 0.1482, 0.1373, 0.1277, 0.1526, 0.1170]],
       device='cuda:0')

line 303 => train data수 7
line 258 => 인스턴스 수 1
=======test_loader=======
=======dev_loader=======
=======train_labeled_loader=======
=======finish=======
>>Epoch 32 Step 31 acc_test 0.203579 f1_test 0.140834 acc_val 0.174281 f1_val 0.102280 acc_train 1.000000 f1_train 1.000000 psl_cor 0 psl_totl 0 pslt_global 0.700000  Tim 0:27:57
acc_train_cw(현재 train의 class별 acc) [1.0, 1.0, 1.0, 1.0, 1.0, 1.0, 1.0]
cw_psl_total_eval(이전 pseudo label 클래스별 총 샘플 수):  [0, 0, 0, 0, 0, 0, 0]
cw_psl_correct_eval(이전 pseudo label 클래스별 맞은 샘플 수):  [0, 0, 0, 0, 0, 0, 0]
psl_acc(PSL 평가에서의 정확도): None 
cw_psl_acc(이전 클래스별 PSL 평가에서의 정확도):  [nan, nan, nan, nan, nan, nan, nan]
tensor([[0.1118, 0.1807, 0.1722, 0.1350, 0.1310, 0.1386, 0.1308],
        [0.1515, 0.1315, 0.1178, 0.1763, 0.1425, 0.1066, 0.1739],
        [0.1636, 0.1321, 0.1300, 0.1548, 0.1498, 0.1397, 0.1299],
        [0.1276, 0.1366, 0.1342, 0.1501, 0.1286, 0.1946, 0.1282],
        [0.1333, 0.1322, 0.1521, 0.1731, 0.1349, 0.1680, 0.1064],
        [0.2064, 0.1212, 0.1228, 0.1442, 0.1558, 0.1161, 0.1335],
        [0.1591, 0.1560, 0.1560, 0.1386, 0.1284, 0.1484, 0.1135]],
       device='cuda:0')

line 303 => train data수 7
line 258 => 인스턴스 수 1
=======test_loader=======
=======dev_loader=======
=======train_labeled_loader=======
=======finish=======
>>Epoch 33 Step 32 acc_test 0.194631 f1_test 0.135104 acc_val 0.175973 f1_val 0.103316 acc_train 1.000000 f1_train 1.000000 psl_cor 0 psl_totl 0 pslt_global 0.700000  Tim 0:28:50
acc_train_cw(현재 train의 class별 acc) [1.0, 1.0, 1.0, 1.0, 1.0, 1.0, 1.0]
cw_psl_total_eval(이전 pseudo label 클래스별 총 샘플 수):  [0, 0, 0, 0, 0, 0, 0]
cw_psl_correct_eval(이전 pseudo label 클래스별 맞은 샘플 수):  [0, 0, 0, 0, 0, 0, 0]
psl_acc(PSL 평가에서의 정확도): None 
cw_psl_acc(이전 클래스별 PSL 평가에서의 정확도):  [nan, nan, nan, nan, nan, nan, nan]
tensor([[0.1099, 0.1684, 0.1740, 0.1393, 0.1246, 0.1436, 0.1402],
        [0.1539, 0.1332, 0.1187, 0.1711, 0.1385, 0.1096, 0.1749],
        [0.1696, 0.1301, 0.1250, 0.1526, 0.1444, 0.1453, 0.1331],
        [0.1362, 0.1264, 0.1412, 0.1470, 0.1257, 0.1926, 0.1309],
        [0.1272, 0.1314, 0.1525, 0.1779, 0.1302, 0.1732, 0.1076],
        [0.2052, 0.1207, 0.1217, 0.1413, 0.1622, 0.1162, 0.1327],
        [0.1621, 0.1512, 0.1513, 0.1420, 0.1240, 0.1547, 0.1146]],
       device='cuda:0')

line 303 => train data수 7
line 258 => 인스턴스 수 1
=======test_loader=======
=======dev_loader=======
=======train_labeled_loader=======
=======finish=======
>>Epoch 34 Step 33 acc_test 0.194631 f1_test 0.135708 acc_val 0.175973 f1_val 0.104084 acc_train 1.000000 f1_train 1.000000 psl_cor 0 psl_totl 0 pslt_global 0.700000  Tim 0:29:43
acc_train_cw(현재 train의 class별 acc) [1.0, 1.0, 1.0, 1.0, 1.0, 1.0, 1.0]
cw_psl_total_eval(이전 pseudo label 클래스별 총 샘플 수):  [0, 0, 0, 0, 0, 0, 0]
cw_psl_correct_eval(이전 pseudo label 클래스별 맞은 샘플 수):  [0, 0, 0, 0, 0, 0, 0]
psl_acc(PSL 평가에서의 정확도): None 
cw_psl_acc(이전 클래스별 PSL 평가에서의 정확도):  [nan, nan, nan, nan, nan, nan, nan]
tensor([[0.1103, 0.1744, 0.1788, 0.1351, 0.1307, 0.1377, 0.1330],
        [0.1478, 0.1284, 0.1167, 0.1741, 0.1412, 0.1119, 0.1799],
        [0.1661, 0.1329, 0.1316, 0.1492, 0.1503, 0.1429, 0.1270],
        [0.1320, 0.1307, 0.1313, 0.1535, 0.1280, 0.1950, 0.1295],
        [0.1294, 0.1318, 0.1505, 0.1778, 0.1298, 0.1726, 0.1080],
        [0.2020, 0.1263, 0.1184, 0.1400, 0.1619, 0.1190, 0.1324],
        [0.1614, 0.1516, 0.1579, 0.1366, 0.1285, 0.1490, 0.1150]],
       device='cuda:0')

line 303 => train data수 7
line 258 => 인스턴스 수 1
=======test_loader=======
=======dev_loader=======
=======train_labeled_loader=======
=======finish=======
>>Epoch 35 Step 34 acc_test 0.201342 f1_test 0.139690 acc_val 0.172589 f1_val 0.102669 acc_train 1.000000 f1_train 1.000000 psl_cor 0 psl_totl 0 pslt_global 0.700000  Tim 0:30:36
acc_train_cw(현재 train의 class별 acc) [1.0, 1.0, 1.0, 1.0, 1.0, 1.0, 1.0]
cw_psl_total_eval(이전 pseudo label 클래스별 총 샘플 수):  [0, 0, 0, 0, 0, 0, 0]
