current work directory:  /home/imsuhan22/few-shot-tc/JointMatch_SSL/codebert/code
java_extended_data
save_name: 1_codet5p-110m-embedding_1e-05_0.7_10_java_extended_data

data_path:  ../data/../data/problem_based_split/java_extended_data

There are 1 GPU(s) available.
We will use the GPU- 0 NVIDIA GeForce RTX 3090

**line 147 모델 =>  Salesforce/codet5p-110m-embedding
**tokenizer type =  Salesforce/codet5p-110m-embedding 

n_labeled_per_class:  1
train_df samples: 3851
train_labeled_df samples: 7
train_unlabeled_df samples: 3844
n_classes:  7 

net_arch:  Salesforce/codet5p-110m-embedding lr:  1e-05

line 303 => train data수 7
line 258 => 인스턴스 수 1
=======test_loader=======
=======dev_loader=======
=======train_labeled_loader=======
=======finish=======
>>Epoch 1 Step 0 acc_test 0.212528 f1_test 0.106975 acc_val 0.174281 f1_val 0.109487 acc_train 0.285714 f1_train 0.142857 psl_cor 0 psl_totl 0 pslt_global 0.000000  Tim 0:00:13
acc_train_cw(현재 train의 class별 acc) [0.0, 0.0, 0.0, 1.0, 1.0, 0.0, 0.0]
cw_psl_total_eval(이전 pseudo label 클래스별 총 샘플 수):  [0, 0, 0, 0, 0, 0, 0]
cw_psl_correct_eval(이전 pseudo label 클래스별 맞은 샘플 수):  [0, 0, 0, 0, 0, 0, 0]
psl_acc(PSL 평가에서의 정확도): None 
cw_psl_acc(이전 클래스별 PSL 평가에서의 정확도):  [nan, nan, nan, nan, nan, nan, nan]
Save model to ./experiment/few_shot/output/
tensor([[0.1415, 0.1443, 0.1435, 0.1548, 0.1471, 0.1374, 0.1313],
        [0.1491, 0.1474, 0.1372, 0.1448, 0.1490, 0.1427, 0.1298],
        [0.1491, 0.1428, 0.1373, 0.1483, 0.1520, 0.1393, 0.1313],
        [0.1470, 0.1403, 0.1358, 0.1544, 0.1516, 0.1386, 0.1323],
        [0.1468, 0.1416, 0.1384, 0.1546, 0.1519, 0.1383, 0.1285],
        [0.1524, 0.1417, 0.1425, 0.1444, 0.1479, 0.1401, 0.1310],
        [0.1523, 0.1447, 0.1417, 0.1486, 0.1531, 0.1368, 0.1227]],
       device='cuda:0')

line 303 => train data수 7
line 258 => 인스턴스 수 1
=======test_loader=======
=======dev_loader=======
=======train_labeled_loader=======
=======finish=======
>>Epoch 2 Step 1 acc_test 0.203579 f1_test 0.109582 acc_val 0.170897 f1_val 0.109506 acc_train 0.285714 f1_train 0.142857 psl_cor 0 psl_totl 0 pslt_global 0.700000  Tim 0:01:07
acc_train_cw(현재 train의 class별 acc) [0.0, 0.0, 0.0, 1.0, 1.0, 0.0, 0.0]
cw_psl_total_eval(이전 pseudo label 클래스별 총 샘플 수):  [0, 0, 0, 0, 0, 0, 0]
cw_psl_correct_eval(이전 pseudo label 클래스별 맞은 샘플 수):  [0, 0, 0, 0, 0, 0, 0]
psl_acc(PSL 평가에서의 정확도): None 
cw_psl_acc(이전 클래스별 PSL 평가에서의 정확도):  [nan, nan, nan, nan, nan, nan, nan]
tensor([[0.1451, 0.1426, 0.1408, 0.1559, 0.1441, 0.1405, 0.1309],
        [0.1507, 0.1401, 0.1365, 0.1453, 0.1473, 0.1449, 0.1352],
        [0.1471, 0.1414, 0.1407, 0.1474, 0.1498, 0.1399, 0.1336],
        [0.1483, 0.1409, 0.1373, 0.1501, 0.1529, 0.1413, 0.1292],
        [0.1415, 0.1399, 0.1437, 0.1518, 0.1520, 0.1418, 0.1292],
        [0.1532, 0.1449, 0.1380, 0.1452, 0.1521, 0.1397, 0.1269],
        [0.1506, 0.1475, 0.1423, 0.1455, 0.1510, 0.1357, 0.1274]],
       device='cuda:0')

line 303 => train data수 7
line 258 => 인스턴스 수 1
=======test_loader=======
=======dev_loader=======
=======train_labeled_loader=======
=======finish=======
>>Epoch 3 Step 2 acc_test 0.174497 f1_test 0.104434 acc_val 0.167513 f1_val 0.107298 acc_train 0.428571 f1_train 0.285714 psl_cor 0 psl_totl 0 pslt_global 0.700000  Tim 0:02:00
acc_train_cw(현재 train의 class별 acc) [1.0, 0.0, 0.0, 1.0, 1.0, 0.0, 0.0]
cw_psl_total_eval(이전 pseudo label 클래스별 총 샘플 수):  [0, 0, 0, 0, 0, 0, 0]
cw_psl_correct_eval(이전 pseudo label 클래스별 맞은 샘플 수):  [0, 0, 0, 0, 0, 0, 0]
psl_acc(PSL 평가에서의 정확도): None 
cw_psl_acc(이전 클래스별 PSL 평가에서의 정확도):  [nan, nan, nan, nan, nan, nan, nan]
tensor([[0.1448, 0.1468, 0.1412, 0.1569, 0.1435, 0.1362, 0.1305],
        [0.1433, 0.1477, 0.1377, 0.1458, 0.1460, 0.1463, 0.1331],
        [0.1490, 0.1436, 0.1396, 0.1495, 0.1463, 0.1390, 0.1331],
        [0.1460, 0.1403, 0.1407, 0.1515, 0.1513, 0.1386, 0.1315],
        [0.1446, 0.1432, 0.1420, 0.1564, 0.1458, 0.1391, 0.1290],
        [0.1550, 0.1438, 0.1372, 0.1421, 0.1505, 0.1408, 0.1305],
        [0.1521, 0.1425, 0.1406, 0.1502, 0.1516, 0.1376, 0.1254]],
       device='cuda:0')

line 303 => train data수 7
line 258 => 인스턴스 수 1
=======test_loader=======
=======dev_loader=======
=======train_labeled_loader=======
=======finish=======
>>Epoch 4 Step 3 acc_test 0.158837 f1_test 0.102351 acc_val 0.179357 f1_val 0.115164 acc_train 0.428571 f1_train 0.285714 psl_cor 0 psl_totl 0 pslt_global 0.700000  Tim 0:02:53
acc_train_cw(현재 train의 class별 acc) [1.0, 0.0, 0.0, 1.0, 1.0, 0.0, 0.0]
cw_psl_total_eval(이전 pseudo label 클래스별 총 샘플 수):  [0, 0, 0, 0, 0, 0, 0]
cw_psl_correct_eval(이전 pseudo label 클래스별 맞은 샘플 수):  [0, 0, 0, 0, 0, 0, 0]
psl_acc(PSL 평가에서의 정확도): None 
cw_psl_acc(이전 클래스별 PSL 평가에서의 정확도):  [nan, nan, nan, nan, nan, nan, nan]
Save model to ./experiment/few_shot/output/
tensor([[0.1395, 0.1459, 0.1429, 0.1549, 0.1463, 0.1402, 0.1302],
        [0.1491, 0.1423, 0.1377, 0.1432, 0.1499, 0.1440, 0.1338],
        [0.1516, 0.1400, 0.1362, 0.1511, 0.1500, 0.1421, 0.1291],
        [0.1480, 0.1405, 0.1390, 0.1503, 0.1532, 0.1381, 0.1308],
        [0.1465, 0.1407, 0.1387, 0.1557, 0.1493, 0.1423, 0.1267],
        [0.1529, 0.1442, 0.1403, 0.1425, 0.1496, 0.1402, 0.1303],
        [0.1543, 0.1442, 0.1401, 0.1484, 0.1508, 0.1365, 0.1257]],
       device='cuda:0')

line 303 => train data수 7
line 258 => 인스턴스 수 1
=======test_loader=======
=======dev_loader=======
=======train_labeled_loader=======
=======finish=======
>>Epoch 5 Step 4 acc_test 0.149888 f1_test 0.100891 acc_val 0.174281 f1_val 0.111104 acc_train 0.428571 f1_train 0.285714 psl_cor 0 psl_totl 0 pslt_global 0.700000  Tim 0:03:51
acc_train_cw(현재 train의 class별 acc) [1.0, 0.0, 0.0, 1.0, 1.0, 0.0, 0.0]
cw_psl_total_eval(이전 pseudo label 클래스별 총 샘플 수):  [0, 0, 0, 0, 0, 0, 0]
cw_psl_correct_eval(이전 pseudo label 클래스별 맞은 샘플 수):  [0, 0, 0, 0, 0, 0, 0]
psl_acc(PSL 평가에서의 정확도): None 
cw_psl_acc(이전 클래스별 PSL 평가에서의 정확도):  [nan, nan, nan, nan, nan, nan, nan]
tensor([[0.1388, 0.1500, 0.1430, 0.1555, 0.1417, 0.1385, 0.1325],
        [0.1470, 0.1467, 0.1366, 0.1455, 0.1492, 0.1399, 0.1350],
        [0.1490, 0.1425, 0.1407, 0.1469, 0.1495, 0.1403, 0.1310],
        [0.1467, 0.1424, 0.1409, 0.1508, 0.1494, 0.1399, 0.1299],
        [0.1440, 0.1410, 0.1387, 0.1544, 0.1494, 0.1442, 0.1283],
        [0.1524, 0.1429, 0.1405, 0.1401, 0.1511, 0.1428, 0.1302],
        [0.1528, 0.1463, 0.1421, 0.1444, 0.1525, 0.1365, 0.1253]],
       device='cuda:0')

line 303 => train data수 7
line 258 => 인스턴스 수 1
=======test_loader=======
=======dev_loader=======
=======train_labeled_loader=======
=======finish=======
>>Epoch 6 Step 5 acc_test 0.138702 f1_test 0.097638 acc_val 0.177665 f1_val 0.107800 acc_train 0.428571 f1_train 0.295238 psl_cor 0 psl_totl 0 pslt_global 0.700000  Tim 0:04:44
acc_train_cw(현재 train의 class별 acc) [1.0, 0.0, 0.0, 1.0, 1.0, 0.0, 0.0]
cw_psl_total_eval(이전 pseudo label 클래스별 총 샘플 수):  [0, 0, 0, 0, 0, 0, 0]
cw_psl_correct_eval(이전 pseudo label 클래스별 맞은 샘플 수):  [0, 0, 0, 0, 0, 0, 0]
psl_acc(PSL 평가에서의 정확도): None 
cw_psl_acc(이전 클래스별 PSL 평가에서의 정확도):  [nan, nan, nan, nan, nan, nan, nan]
tensor([[0.1429, 0.1465, 0.1423, 0.1564, 0.1424, 0.1342, 0.1352],
        [0.1484, 0.1446, 0.1385, 0.1440, 0.1498, 0.1384, 0.1363],
        [0.1474, 0.1437, 0.1379, 0.1472, 0.1539, 0.1414, 0.1285],
        [0.1460, 0.1413, 0.1367, 0.1513, 0.1533, 0.1384, 0.1330],
        [0.1447, 0.1417, 0.1422, 0.1582, 0.1464, 0.1389, 0.1279],
        [0.1561, 0.1429, 0.1398, 0.1426, 0.1483, 0.1398, 0.1304],
        [0.1542, 0.1424, 0.1428, 0.1450, 0.1525, 0.1396, 0.1235]],
       device='cuda:0')

line 303 => train data수 7
line 258 => 인스턴스 수 1
=======test_loader=======
=======dev_loader=======
=======train_labeled_loader=======
=======finish=======
>>Epoch 7 Step 6 acc_test 0.140940 f1_test 0.099873 acc_val 0.175973 f1_val 0.108301 acc_train 0.571429 f1_train 0.485714 psl_cor 0 psl_totl 0 pslt_global 0.700000  Tim 0:05:37
acc_train_cw(현재 train의 class별 acc) [1.0, 0.0, 1.0, 1.0, 1.0, 0.0, 0.0]
cw_psl_total_eval(이전 pseudo label 클래스별 총 샘플 수):  [0, 0, 0, 0, 0, 0, 0]
cw_psl_correct_eval(이전 pseudo label 클래스별 맞은 샘플 수):  [0, 0, 0, 0, 0, 0, 0]
psl_acc(PSL 평가에서의 정확도): None 
cw_psl_acc(이전 클래스별 PSL 평가에서의 정확도):  [nan, nan, nan, nan, nan, nan, nan]
tensor([[0.1378, 0.1458, 0.1465, 0.1577, 0.1430, 0.1373, 0.1318],
        [0.1485, 0.1461, 0.1349, 0.1437, 0.1485, 0.1422, 0.1360],
        [0.1503, 0.1429, 0.1364, 0.1486, 0.1509, 0.1394, 0.1316],
        [0.1465, 0.1387, 0.1412, 0.1523, 0.1520, 0.1383, 0.1310],
        [0.1455, 0.1412, 0.1427, 0.1524, 0.1489, 0.1437, 0.1256],
        [0.1529, 0.1433, 0.1401, 0.1429, 0.1462, 0.1412, 0.1333],
        [0.1519, 0.1471, 0.1407, 0.1426, 0.1540, 0.1388, 0.1249]],
       device='cuda:0')

line 303 => train data수 7
line 258 => 인스턴스 수 1
=======test_loader=======
=======dev_loader=======
=======train_labeled_loader=======
=======finish=======
>>Epoch 8 Step 7 acc_test 0.156600 f1_test 0.112630 acc_val 0.181049 f1_val 0.111774 acc_train 0.714286 f1_train 0.642857 psl_cor 0 psl_totl 0 pslt_global 0.700000  Tim 0:06:30
acc_train_cw(현재 train의 class별 acc) [1.0, 0.0, 1.0, 1.0, 1.0, 1.0, 0.0]
cw_psl_total_eval(이전 pseudo label 클래스별 총 샘플 수):  [0, 0, 0, 0, 0, 0, 0]
cw_psl_correct_eval(이전 pseudo label 클래스별 맞은 샘플 수):  [0, 0, 0, 0, 0, 0, 0]
psl_acc(PSL 평가에서의 정확도): None 
cw_psl_acc(이전 클래스별 PSL 평가에서의 정확도):  [nan, nan, nan, nan, nan, nan, nan]
Save model to ./experiment/few_shot/output/
tensor([[0.1393, 0.1461, 0.1456, 0.1536, 0.1408, 0.1401, 0.1345],
        [0.1444, 0.1473, 0.1356, 0.1441, 0.1458, 0.1446, 0.1382],
        [0.1501, 0.1426, 0.1403, 0.1474, 0.1507, 0.1403, 0.1285],
        [0.1432, 0.1429, 0.1381, 0.1531, 0.1513, 0.1372, 0.1342],
        [0.1457, 0.1385, 0.1411, 0.1519, 0.1528, 0.1444, 0.1257],
        [0.1559, 0.1428, 0.1385, 0.1447, 0.1481, 0.1399, 0.1302],
        [0.1529, 0.1457, 0.1402, 0.1414, 0.1541, 0.1409, 0.1248]],
       device='cuda:0')

line 303 => train data수 7
line 258 => 인스턴스 수 1
=======test_loader=======
=======dev_loader=======
=======train_labeled_loader=======
=======finish=======
>>Epoch 9 Step 8 acc_test 0.172260 f1_test 0.118750 acc_val 0.175973 f1_val 0.115484 acc_train 0.857143 f1_train 0.809524 psl_cor 0 psl_totl 0 pslt_global 0.700000  Tim 0:07:28
acc_train_cw(현재 train의 class별 acc) [1.0, 1.0, 1.0, 1.0, 1.0, 1.0, 0.0]
cw_psl_total_eval(이전 pseudo label 클래스별 총 샘플 수):  [0, 0, 0, 0, 0, 0, 0]
cw_psl_correct_eval(이전 pseudo label 클래스별 맞은 샘플 수):  [0, 0, 0, 0, 0, 0, 0]
psl_acc(PSL 평가에서의 정확도): None 
cw_psl_acc(이전 클래스별 PSL 평가에서의 정확도):  [nan, nan, nan, nan, nan, nan, nan]
tensor([[0.1374, 0.1474, 0.1434, 0.1557, 0.1433, 0.1415, 0.1314],
        [0.1509, 0.1446, 0.1341, 0.1402, 0.1512, 0.1448, 0.1342],
        [0.1507, 0.1424, 0.1399, 0.1452, 0.1480, 0.1439, 0.1299],
        [0.1511, 0.1376, 0.1392, 0.1468, 0.1510, 0.1436, 0.1308],
        [0.1436, 0.1399, 0.1402, 0.1473, 0.1521, 0.1463, 0.1307],
        [0.1557, 0.1410, 0.1392, 0.1446, 0.1495, 0.1376, 0.1324],
        [0.1494, 0.1439, 0.1454, 0.1447, 0.1524, 0.1389, 0.1253]],
       device='cuda:0')

line 303 => train data수 7
line 258 => 인스턴스 수 1
=======test_loader=======
=======dev_loader=======
=======train_labeled_loader=======
=======finish=======
>>Epoch 10 Step 9 acc_test 0.181208 f1_test 0.120138 acc_val 0.167513 f1_val 0.114928 acc_train 1.000000 f1_train 1.000000 psl_cor 0 psl_totl 0 pslt_global 0.700000  Tim 0:08:21
acc_train_cw(현재 train의 class별 acc) [1.0, 1.0, 1.0, 1.0, 1.0, 1.0, 1.0]
cw_psl_total_eval(이전 pseudo label 클래스별 총 샘플 수):  [0, 0, 0, 0, 0, 0, 0]
cw_psl_correct_eval(이전 pseudo label 클래스별 맞은 샘플 수):  [0, 0, 0, 0, 0, 0, 0]
psl_acc(PSL 평가에서의 정확도): None 
cw_psl_acc(이전 클래스별 PSL 평가에서의 정확도):  [nan, nan, nan, nan, nan, nan, nan]
tensor([[0.1390, 0.1456, 0.1456, 0.1562, 0.1419, 0.1413, 0.1303],
        [0.1479, 0.1476, 0.1335, 0.1410, 0.1500, 0.1420, 0.1379],
        [0.1531, 0.1405, 0.1375, 0.1422, 0.1499, 0.1440, 0.1328],
        [0.1465, 0.1382, 0.1411, 0.1502, 0.1516, 0.1405, 0.1318],
        [0.1499, 0.1379, 0.1442, 0.1469, 0.1529, 0.1455, 0.1227],
        [0.1589, 0.1423, 0.1374, 0.1379, 0.1528, 0.1400, 0.1307],
        [0.1558, 0.1469, 0.1396, 0.1411, 0.1503, 0.1413, 0.1250]],
       device='cuda:0')

line 303 => train data수 7
line 258 => 인스턴스 수 1
=======test_loader=======
=======dev_loader=======
=======train_labeled_loader=======
=======finish=======
>>Epoch 11 Step 10 acc_test 0.203579 f1_test 0.137712 acc_val 0.160745 f1_val 0.112558 acc_train 1.000000 f1_train 1.000000 psl_cor 0 psl_totl 0 pslt_global 0.700000  Tim 0:09:14
acc_train_cw(현재 train의 class별 acc) [1.0, 1.0, 1.0, 1.0, 1.0, 1.0, 1.0]
cw_psl_total_eval(이전 pseudo label 클래스별 총 샘플 수):  [0, 0, 0, 0, 0, 0, 0]
cw_psl_correct_eval(이전 pseudo label 클래스별 맞은 샘플 수):  [0, 0, 0, 0, 0, 0, 0]
psl_acc(PSL 평가에서의 정확도): None 
cw_psl_acc(이전 클래스별 PSL 평가에서의 정확도):  [nan, nan, nan, nan, nan, nan, nan]
tensor([[0.1350, 0.1459, 0.1434, 0.1533, 0.1476, 0.1429, 0.1320],
        [0.1488, 0.1449, 0.1328, 0.1454, 0.1465, 0.1434, 0.1382],
        [0.1551, 0.1414, 0.1371, 0.1426, 0.1499, 0.1446, 0.1291],
        [0.1515, 0.1392, 0.1366, 0.1467, 0.1521, 0.1453, 0.1288],
        [0.1481, 0.1390, 0.1385, 0.1515, 0.1494, 0.1457, 0.1278],
        [0.1592, 0.1407, 0.1379, 0.1374, 0.1525, 0.1411, 0.1311],
        [0.1549, 0.1466, 0.1416, 0.1428, 0.1504, 0.1404, 0.1234]],
       device='cuda:0')

line 303 => train data수 7
line 258 => 인스턴스 수 1
=======test_loader=======
=======dev_loader=======
=======train_labeled_loader=======
=======finish=======
>>Epoch 12 Step 11 acc_test 0.214765 f1_test 0.140107 acc_val 0.155668 f1_val 0.112937 acc_train 1.000000 f1_train 1.000000 psl_cor 0 psl_totl 0 pslt_global 0.700000  Tim 0:10:07
acc_train_cw(현재 train의 class별 acc) [1.0, 1.0, 1.0, 1.0, 1.0, 1.0, 1.0]
cw_psl_total_eval(이전 pseudo label 클래스별 총 샘플 수):  [0, 0, 0, 0, 0, 0, 0]
cw_psl_correct_eval(이전 pseudo label 클래스별 맞은 샘플 수):  [0, 0, 0, 0, 0, 0, 0]
psl_acc(PSL 평가에서의 정확도): None 
cw_psl_acc(이전 클래스별 PSL 평가에서의 정확도):  [nan, nan, nan, nan, nan, nan, nan]
tensor([[0.1409, 0.1446, 0.1428, 0.1487, 0.1476, 0.1440, 0.1314],
        [0.1493, 0.1467, 0.1321, 0.1418, 0.1472, 0.1430, 0.1399],
        [0.1557, 0.1396, 0.1373, 0.1426, 0.1501, 0.1429, 0.1318],
        [0.1540, 0.1358, 0.1403, 0.1420, 0.1540, 0.1452, 0.1288],
        [0.1458, 0.1402, 0.1391, 0.1560, 0.1489, 0.1422, 0.1277],
        [0.1593, 0.1421, 0.1384, 0.1376, 0.1517, 0.1390, 0.1319],
        [0.1541, 0.1471, 0.1429, 0.1420, 0.1499, 0.1401, 0.1240]],
       device='cuda:0')

line 303 => train data수 7
line 258 => 인스턴스 수 1
=======test_loader=======
=======dev_loader=======
=======train_labeled_loader=======
=======finish=======
>>Epoch 13 Step 12 acc_test 0.217002 f1_test 0.141476 acc_val 0.157360 f1_val 0.114300 acc_train 1.000000 f1_train 1.000000 psl_cor 0 psl_totl 0 pslt_global 0.700000  Tim 0:11:00
acc_train_cw(현재 train의 class별 acc) [1.0, 1.0, 1.0, 1.0, 1.0, 1.0, 1.0]
cw_psl_total_eval(이전 pseudo label 클래스별 총 샘플 수):  [0, 0, 0, 0, 0, 0, 0]
cw_psl_correct_eval(이전 pseudo label 클래스별 맞은 샘플 수):  [0, 0, 0, 0, 0, 0, 0]
psl_acc(PSL 평가에서의 정확도): None 
cw_psl_acc(이전 클래스별 PSL 평가에서의 정확도):  [nan, nan, nan, nan, nan, nan, nan]
tensor([[0.1362, 0.1478, 0.1463, 0.1530, 0.1421, 0.1429, 0.1317],
        [0.1472, 0.1471, 0.1345, 0.1424, 0.1437, 0.1429, 0.1421],
        [0.1551, 0.1415, 0.1411, 0.1400, 0.1516, 0.1411, 0.1295],
        [0.1473, 0.1351, 0.1379, 0.1488, 0.1510, 0.1437, 0.1362],
        [0.1464, 0.1411, 0.1465, 0.1457, 0.1517, 0.1451, 0.1236],
        [0.1596, 0.1371, 0.1389, 0.1349, 0.1567, 0.1420, 0.1309],
        [0.1509, 0.1452, 0.1433, 0.1404, 0.1568, 0.1385, 0.1249]],
       device='cuda:0')

line 303 => train data수 7
line 258 => 인스턴스 수 1
=======test_loader=======
=======dev_loader=======
=======train_labeled_loader=======
=======finish=======
>>Epoch 14 Step 13 acc_test 0.219239 f1_test 0.151232 acc_val 0.160745 f1_val 0.120322 acc_train 1.000000 f1_train 1.000000 psl_cor 0 psl_totl 0 pslt_global 0.700000  Tim 0:11:53
acc_train_cw(현재 train의 class별 acc) [1.0, 1.0, 1.0, 1.0, 1.0, 1.0, 1.0]
cw_psl_total_eval(이전 pseudo label 클래스별 총 샘플 수):  [0, 0, 0, 0, 0, 0, 0]
cw_psl_correct_eval(이전 pseudo label 클래스별 맞은 샘플 수):  [0, 0, 0, 0, 0, 0, 0]
psl_acc(PSL 평가에서의 정확도): None 
cw_psl_acc(이전 클래스별 PSL 평가에서의 정확도):  [nan, nan, nan, nan, nan, nan, nan]
tensor([[0.1392, 0.1468, 0.1456, 0.1515, 0.1430, 0.1405, 0.1334],
        [0.1386, 0.1519, 0.1342, 0.1428, 0.1465, 0.1475, 0.1385],
        [0.1551, 0.1425, 0.1358, 0.1415, 0.1495, 0.1421, 0.1336],
        [0.1500, 0.1409, 0.1385, 0.1469, 0.1525, 0.1386, 0.1325],
        [0.1466, 0.1369, 0.1437, 0.1455, 0.1503, 0.1489, 0.1281],
        [0.1585, 0.1408, 0.1371, 0.1318, 0.1594, 0.1441, 0.1283],
        [0.1519, 0.1492, 0.1399, 0.1420, 0.1536, 0.1384, 0.1251]],
       device='cuda:0')

line 303 => train data수 7
line 258 => 인스턴스 수 1
=======test_loader=======
=======dev_loader=======
=======train_labeled_loader=======
=======finish=======
>>Epoch 15 Step 14 acc_test 0.212528 f1_test 0.148551 acc_val 0.160745 f1_val 0.120009 acc_train 1.000000 f1_train 1.000000 psl_cor 0 psl_totl 0 pslt_global 0.700000  Tim 0:12:46
acc_train_cw(현재 train의 class별 acc) [1.0, 1.0, 1.0, 1.0, 1.0, 1.0, 1.0]
cw_psl_total_eval(이전 pseudo label 클래스별 총 샘플 수):  [0, 0, 0, 0, 0, 0, 0]
cw_psl_correct_eval(이전 pseudo label 클래스별 맞은 샘플 수):  [0, 0, 0, 0, 0, 0, 0]
psl_acc(PSL 평가에서의 정확도): None 
cw_psl_acc(이전 클래스별 PSL 평가에서의 정확도):  [nan, nan, nan, nan, nan, nan, nan]
tensor([[0.1400, 0.1447, 0.1477, 0.1515, 0.1441, 0.1407, 0.1313],
        [0.1496, 0.1521, 0.1290, 0.1369, 0.1505, 0.1387, 0.1432],
        [0.1530, 0.1398, 0.1380, 0.1429, 0.1519, 0.1422, 0.1321],
        [0.1515, 0.1350, 0.1375, 0.1465, 0.1509, 0.1441, 0.1346],
        [0.1430, 0.1408, 0.1435, 0.1482, 0.1477, 0.1499, 0.1269],
        [0.1615, 0.1435, 0.1368, 0.1353, 0.1546, 0.1368, 0.1315],
        [0.1535, 0.1483, 0.1415, 0.1434, 0.1523, 0.1344, 0.1267]],
       device='cuda:0')

line 303 => train data수 7
line 258 => 인스턴스 수 1
=======test_loader=======
=======dev_loader=======
=======train_labeled_loader=======
=======finish=======
>>Epoch 16 Step 15 acc_test 0.194631 f1_test 0.132511 acc_val 0.160745 f1_val 0.085578 acc_train 1.000000 f1_train 1.000000 psl_cor 0 psl_totl 0 pslt_global 0.700000  Tim 0:13:39
acc_train_cw(현재 train의 class별 acc) [1.0, 1.0, 1.0, 1.0, 1.0, 1.0, 1.0]
cw_psl_total_eval(이전 pseudo label 클래스별 총 샘플 수):  [0, 0, 0, 0, 0, 0, 0]
cw_psl_correct_eval(이전 pseudo label 클래스별 맞은 샘플 수):  [0, 0, 0, 0, 0, 0, 0]
psl_acc(PSL 평가에서의 정확도): None 
cw_psl_acc(이전 클래스별 PSL 평가에서의 정확도):  [nan, nan, nan, nan, nan, nan, nan]
tensor([[0.1384, 0.1486, 0.1489, 0.1506, 0.1415, 0.1383, 0.1338],
        [0.1481, 0.1449, 0.1333, 0.1376, 0.1515, 0.1429, 0.1418],
        [0.1551, 0.1406, 0.1399, 0.1358, 0.1514, 0.1463, 0.1309],
        [0.1501, 0.1357, 0.1415, 0.1437, 0.1541, 0.1432, 0.1316],
        [0.1480, 0.1408, 0.1406, 0.1523, 0.1449, 0.1436, 0.1297],
        [0.1650, 0.1416, 0.1344, 0.1366, 0.1529, 0.1346, 0.1349],
        [0.1556, 0.1459, 0.1427, 0.1420, 0.1482, 0.1396, 0.1261]],
       device='cuda:0')

line 303 => train data수 7
line 258 => 인스턴스 수 1
=======test_loader=======
=======dev_loader=======
=======train_labeled_loader=======
=======finish=======
>>Epoch 17 Step 16 acc_test 0.190157 f1_test 0.130691 acc_val 0.162437 f1_val 0.089001 acc_train 1.000000 f1_train 1.000000 psl_cor 0 psl_totl 0 pslt_global 0.700000  Tim 0:14:32
acc_train_cw(현재 train의 class별 acc) [1.0, 1.0, 1.0, 1.0, 1.0, 1.0, 1.0]
cw_psl_total_eval(이전 pseudo label 클래스별 총 샘플 수):  [0, 0, 0, 0, 0, 0, 0]
cw_psl_correct_eval(이전 pseudo label 클래스별 맞은 샘플 수):  [0, 0, 0, 0, 0, 0, 0]
psl_acc(PSL 평가에서의 정확도): None 
cw_psl_acc(이전 클래스별 PSL 평가에서의 정확도):  [nan, nan, nan, nan, nan, nan, nan]
tensor([[0.1363, 0.1514, 0.1477, 0.1511, 0.1428, 0.1379, 0.1330],
        [0.1453, 0.1508, 0.1355, 0.1409, 0.1445, 0.1422, 0.1409],
        [0.1567, 0.1414, 0.1379, 0.1400, 0.1499, 0.1436, 0.1305],
        [0.1473, 0.1384, 0.1384, 0.1466, 0.1518, 0.1402, 0.1373],
        [0.1488, 0.1426, 0.1432, 0.1445, 0.1523, 0.1435, 0.1251],
        [0.1638, 0.1383, 0.1348, 0.1412, 0.1482, 0.1387, 0.1350],
        [0.1547, 0.1453, 0.1447, 0.1396, 0.1525, 0.1378, 0.1254]],
       device='cuda:0')

line 303 => train data수 7
line 258 => 인스턴스 수 1
=======test_loader=======
=======dev_loader=======
=======train_labeled_loader=======
=======finish=======
>>Epoch 18 Step 17 acc_test 0.187919 f1_test 0.133524 acc_val 0.167513 f1_val 0.104101 acc_train 1.000000 f1_train 1.000000 psl_cor 0 psl_totl 0 pslt_global 0.700000  Tim 0:15:25
acc_train_cw(현재 train의 class별 acc) [1.0, 1.0, 1.0, 1.0, 1.0, 1.0, 1.0]
cw_psl_total_eval(이전 pseudo label 클래스별 총 샘플 수):  [0, 0, 0, 0, 0, 0, 0]
cw_psl_correct_eval(이전 pseudo label 클래스별 맞은 샘플 수):  [0, 0, 0, 0, 0, 0, 0]
psl_acc(PSL 평가에서의 정확도): None 
cw_psl_acc(이전 클래스별 PSL 평가에서의 정확도):  [nan, nan, nan, nan, nan, nan, nan]
Early stopping trigger at step:  17
Best model at step:  7
**조기종료됨**

가장 높은 acc_val :  0.18104906937394247
tensor([[0.1338, 0.1514, 0.1451, 0.1497, 0.1451, 0.1414, 0.1335],
        [0.1467, 0.1477, 0.1325, 0.1391, 0.1487, 0.1425, 0.1427],
        [0.1603, 0.1381, 0.1412, 0.1370, 0.1494, 0.1444, 0.1295],
        [0.1490, 0.1381, 0.1417, 0.1465, 0.1502, 0.1396, 0.1348],
        [0.1480, 0.1415, 0.1427, 0.1477, 0.1474, 0.1470, 0.1257],
        [0.1683, 0.1424, 0.1342, 0.1347, 0.1532, 0.1352, 0.1319],
        [0.1517, 0.1480, 0.1441, 0.1411, 0.1520, 0.1361, 0.1270]],
       device='cuda:0')
acc_val 증가안된 epoch시점 :  8
early_stop_flag

Training complete!
Total training took 0:16:05 (h:mm:ss)
Load model from ./experiment/few_shot/output/1_codet5p-110m-embedding_1e-05_0.7_10_java_extended_data_net0.pth
Save training statistics in:  ./experiment/few_shot/log/20240404-213443/0/training_statistics.csv

Best_step:  7 
best_test_acc:  0.15659955257270694 
best_test_f1:  0.11263028758852592
Save best record in:  ./experiment/few_shot/log/20240404-213443/summary.csv
Save best record in:  ./experiment/few_shot/log/summary_avgrun.csv
