current work directory:  /home/imsuhan22/few-shot-tc/JointMatch_SSL/codebert/code
java_extended_data
save_name: 10_codebert-base_1e-05_0.9_30_java_extended_data

data_path:  ../data/../data/problem_based_split/java_extended_data

There are 1 GPU(s) available.
We will use the GPU- 0 NVIDIA GeForce RTX 3090

**line 147 모델 =>  microsoft/codebert-base
**tokenizer type =  microsoft/codebert-base 

n_labeled_per_class:  10
train_df samples: 3851
train_labeled_df samples: 70
train_unlabeled_df samples: 3781
n_classes:  7 

net_arch:  microsoft/codebert-base lr:  1e-05

line 303 => train data수 70
line 258 => 인스턴스 수 10
=======test_loader=======
=======dev_loader=======
=======train_labeled_loader=======
=======finish=======
>>Epoch 1 Step 0 acc_test 0.096197 f1_test 0.031173 acc_val 0.089679 f1_val 0.033271 acc_train 0.114286 f1_train 0.032653 psl_cor 0 psl_totl 0 pslt_global 0.000000  Tim 0:00:30
acc_train_cw(train의 class별 acc) [0.8, 0.0, 0.0, 0.0, 0.0, 0.0, 0.0]
cw_psl_total_eval(pseudo label 클래스별 총 샘플 수):  [0, 0, 0, 0, 0, 0, 0]
cw_psl_correct_eval(pseudo label 클래스별 맞은 샘플 수):  [0, 0, 0, 0, 0, 0, 0]
psl_acc(PSL 평가에서의 정확도): None 
cw_psl_acc(클래스별 PSL 평가에서의 정확도):  [nan, nan, nan, nan, nan, nan, nan]
Save model to ./experiment/few_shot/output/
tensor([[0.1666, 0.1276, 0.1451, 0.0926, 0.1605, 0.1378, 0.1698],
        [0.1839, 0.0800, 0.1412, 0.1243, 0.1582, 0.1303, 0.1821],
        [0.1763, 0.1185, 0.1150, 0.1217, 0.1522, 0.1487, 0.1677],
        [0.1857, 0.1151, 0.1162, 0.1163, 0.1276, 0.1575, 0.1816],
        [0.1539, 0.1228, 0.1579, 0.1477, 0.1554, 0.1162, 0.1460],
        [0.1611, 0.0970, 0.1535, 0.1213, 0.1821, 0.1298, 0.1551],
        [0.1507, 0.1310, 0.1663, 0.1135, 0.1621, 0.1209, 0.1555]],
       device='cuda:0')
tensor([[0.1512, 0.0959, 0.1779, 0.1329, 0.1464, 0.1168, 0.1788],
        [0.1571, 0.1337, 0.1378, 0.1118, 0.1636, 0.1375, 0.1585],
        [0.1703, 0.1012, 0.1524, 0.1145, 0.1610, 0.1579, 0.1427],
        [0.1202, 0.1678, 0.1150, 0.1243, 0.1396, 0.1526, 0.1804],
        [0.1534, 0.0909, 0.1460, 0.1317, 0.1690, 0.1588, 0.1501],
        [0.1654, 0.1149, 0.1371, 0.1104, 0.1487, 0.1571, 0.1665],
        [0.1686, 0.1144, 0.1225, 0.1394, 0.1477, 0.1473, 0.1602]],
       device='cuda:0')
tensor([[0.1801, 0.1180, 0.1414, 0.1186, 0.1497, 0.1417, 0.1505],
        [0.1788, 0.0985, 0.1528, 0.1158, 0.1362, 0.1248, 0.1930],
        [0.1975, 0.1159, 0.1176, 0.1206, 0.1481, 0.1556, 0.1447],
        [0.1954, 0.1093, 0.1369, 0.1213, 0.1651, 0.1600, 0.1120],
        [0.1510, 0.1134, 0.1426, 0.1417, 0.1719, 0.1270, 0.1523],
        [0.1488, 0.1312, 0.1569, 0.1185, 0.1137, 0.1804, 0.1505],
        [0.1472, 0.1055, 0.1414, 0.1471, 0.1499, 0.1678, 0.1411]],
       device='cuda:0')

line 303 => train data수 70
line 258 => 인스턴스 수 10
=======test_loader=======
=======dev_loader=======
=======train_labeled_loader=======
=======finish=======
>>Epoch 2 Step 10 acc_test 0.131991 f1_test 0.036566 acc_val 0.096447 f1_val 0.031301 acc_train 0.171429 f1_train 0.081062 psl_cor 0 psl_totl 0 pslt_global 0.900000  Tim 0:01:58
acc_train_cw(train의 class별 acc) [1.0, 0.0, 0.0, 0.0, 0.0, 0.0, 0.2]
cw_psl_total_eval(pseudo label 클래스별 총 샘플 수):  [0, 0, 0, 0, 0, 0, 0]
cw_psl_correct_eval(pseudo label 클래스별 맞은 샘플 수):  [0, 0, 0, 0, 0, 0, 0]
psl_acc(PSL 평가에서의 정확도): None 
cw_psl_acc(클래스별 PSL 평가에서의 정확도):  [nan, nan, nan, nan, nan, nan, nan]
Save model to ./experiment/few_shot/output/
tensor([[0.1558, 0.0936, 0.1537, 0.1270, 0.1545, 0.1650, 0.1504],
        [0.1576, 0.1117, 0.1334, 0.1252, 0.1926, 0.1079, 0.1714],
        [0.1761, 0.1121, 0.1418, 0.1128, 0.1699, 0.1321, 0.1552],
        [0.1631, 0.1335, 0.1272, 0.1315, 0.1712, 0.1296, 0.1439],
        [0.1172, 0.1249, 0.1361, 0.1237, 0.1255, 0.1867, 0.1859],
        [0.1382, 0.1467, 0.1121, 0.1372, 0.1269, 0.1581, 0.1808],
        [0.1562, 0.1298, 0.1451, 0.1201, 0.1296, 0.1656, 0.1537]],
       device='cuda:0')
tensor([[0.1340, 0.1121, 0.1447, 0.1469, 0.1385, 0.1557, 0.1681],
        [0.1621, 0.1161, 0.1305, 0.1420, 0.1495, 0.1462, 0.1537],
        [0.1690, 0.1063, 0.1332, 0.1268, 0.1297, 0.1556, 0.1794],
        [0.1561, 0.1028, 0.1542, 0.1538, 0.1510, 0.1496, 0.1326],
        [0.1439, 0.1057, 0.1491, 0.1647, 0.1356, 0.1321, 0.1688],
        [0.1547, 0.0889, 0.1809, 0.1255, 0.1546, 0.1472, 0.1482],
        [0.1727, 0.1127, 0.1373, 0.1346, 0.1284, 0.1627, 0.1516]],
       device='cuda:0')
tensor([[0.1323, 0.1328, 0.1144, 0.1222, 0.1594, 0.1374, 0.2015],
        [0.1273, 0.1205, 0.1271, 0.1270, 0.2009, 0.1322, 0.1650],
        [0.1361, 0.1085, 0.1350, 0.1237, 0.1667, 0.1599, 0.1701],
        [0.1393, 0.1319, 0.1380, 0.1503, 0.1332, 0.1592, 0.1480],
        [0.1604, 0.1027, 0.1708, 0.1469, 0.1544, 0.1239, 0.1409],
        [0.1730, 0.1000, 0.1586, 0.1324, 0.1554, 0.1478, 0.1328],
        [0.1715, 0.1019, 0.1414, 0.1550, 0.1492, 0.1531, 0.1278]],
       device='cuda:0')

line 303 => train data수 70
line 258 => 인스턴스 수 10
=======test_loader=======
=======dev_loader=======
=======train_labeled_loader=======
=======finish=======
>>Epoch 3 Step 20 acc_test 0.127517 f1_test 0.106530 acc_val 0.181049 f1_val 0.110079 acc_train 0.300000 f1_train 0.186783 psl_cor 0 psl_totl 0 pslt_global 0.900000  Tim 0:03:41
acc_train_cw(train의 class별 acc) [0.9, 0.0, 0.0, 0.0, 0.4, 0.0, 0.8]
cw_psl_total_eval(pseudo label 클래스별 총 샘플 수):  [0, 0, 0, 0, 0, 0, 0]
cw_psl_correct_eval(pseudo label 클래스별 맞은 샘플 수):  [0, 0, 0, 0, 0, 0, 0]
psl_acc(PSL 평가에서의 정확도): None 
cw_psl_acc(클래스별 PSL 평가에서의 정확도):  [nan, nan, nan, nan, nan, nan, nan]
Save model to ./experiment/few_shot/output/
tensor([[0.1707, 0.1205, 0.1376, 0.1339, 0.1382, 0.1437, 0.1553],
        [0.1614, 0.1371, 0.1426, 0.1315, 0.1470, 0.1389, 0.1414],
        [0.1573, 0.1240, 0.1340, 0.1235, 0.1438, 0.1712, 0.1461],
        [0.1523, 0.1180, 0.1165, 0.1453, 0.1500, 0.1574, 0.1605],
        [0.1604, 0.1150, 0.1296, 0.1431, 0.1613, 0.1660, 0.1246],
        [0.1637, 0.1208, 0.1366, 0.1218, 0.1685, 0.1492, 0.1396],
        [0.1248, 0.1306, 0.1653, 0.1398, 0.1571, 0.1341, 0.1483]],
       device='cuda:0')
tensor([[0.1399, 0.1235, 0.1269, 0.1468, 0.1491, 0.1470, 0.1669],
        [0.1765, 0.1293, 0.1218, 0.1372, 0.1538, 0.1442, 0.1372],
        [0.1531, 0.1093, 0.1459, 0.1630, 0.1697, 0.1309, 0.1281],
        [0.1546, 0.1163, 0.1292, 0.1441, 0.1772, 0.1294, 0.1493],
        [0.1199, 0.1204, 0.1341, 0.1690, 0.1499, 0.1425, 0.1641],
        [0.1605, 0.1210, 0.1541, 0.1576, 0.1335, 0.1230, 0.1503],
        [0.1182, 0.1345, 0.1608, 0.1604, 0.1496, 0.1307, 0.1459]],
       device='cuda:0')
tensor([[0.1196, 0.1420, 0.1178, 0.1679, 0.1446, 0.1426, 0.1656],
        [0.1279, 0.1372, 0.1169, 0.1209, 0.1257, 0.1985, 0.1729],
        [0.1110, 0.1387, 0.1257, 0.1443, 0.1442, 0.1787, 0.1575],
        [0.1095, 0.1319, 0.1480, 0.1422, 0.1394, 0.1519, 0.1771],
        [0.1306, 0.1185, 0.1654, 0.1501, 0.1227, 0.1678, 0.1450],
        [0.1531, 0.1311, 0.1263, 0.1278, 0.1348, 0.1740, 0.1529],
        [0.1135, 0.1277, 0.1197, 0.1405, 0.1723, 0.1382, 0.1881]],
       device='cuda:0')

line 303 => train data수 70
line 258 => 인스턴스 수 10
=======test_loader=======
=======dev_loader=======
=======train_labeled_loader=======
=======finish=======
>>Epoch 4 Step 30 acc_test 0.183445 f1_test 0.096925 acc_val 0.194585 f1_val 0.100962 acc_train 0.400000 f1_train 0.322235 psl_cor 0 psl_totl 0 pslt_global 0.900000  Tim 0:05:03
acc_train_cw(train의 class별 acc) [0.6, 0.0, 0.0, 0.0, 0.9, 0.6, 0.7]
cw_psl_total_eval(pseudo label 클래스별 총 샘플 수):  [0, 0, 0, 0, 0, 0, 0]
cw_psl_correct_eval(pseudo label 클래스별 맞은 샘플 수):  [0, 0, 0, 0, 0, 0, 0]
psl_acc(PSL 평가에서의 정확도): None 
cw_psl_acc(클래스별 PSL 평가에서의 정확도):  [nan, nan, nan, nan, nan, nan, nan]
Save model to ./experiment/few_shot/output/
tensor([[0.1619, 0.0942, 0.1315, 0.1149, 0.1505, 0.1686, 0.1784],
        [0.1404, 0.1360, 0.1405, 0.1297, 0.1471, 0.1493, 0.1570],
        [0.1375, 0.1396, 0.1569, 0.1296, 0.1709, 0.1355, 0.1300],
        [0.1389, 0.1351, 0.1346, 0.1525, 0.1431, 0.1343, 0.1615],
        [0.1216, 0.1209, 0.1329, 0.1532, 0.1868, 0.1272, 0.1574],
        [0.1282, 0.1504, 0.1436, 0.1150, 0.1580, 0.1490, 0.1558],
        [0.1313, 0.1606, 0.1778, 0.1386, 0.1449, 0.1224, 0.1244]],
       device='cuda:0')
tensor([[0.0979, 0.1441, 0.1360, 0.1560, 0.1561, 0.1283, 0.1817],
        [0.1310, 0.1439, 0.1532, 0.1425, 0.1495, 0.1331, 0.1468],
        [0.1611, 0.1228, 0.1191, 0.1429, 0.1672, 0.1756, 0.1113],
        [0.1443, 0.1438, 0.1530, 0.1282, 0.1608, 0.1402, 0.1298],
        [0.1266, 0.1043, 0.1382, 0.1535, 0.1888, 0.1411, 0.1475],
        [0.1067, 0.1465, 0.1428, 0.1254, 0.2021, 0.1379, 0.1386],
        [0.1389, 0.1183, 0.1553, 0.1610, 0.1799, 0.1363, 0.1103]],
       device='cuda:0')
tensor([[0.0950, 0.1518, 0.1186, 0.1493, 0.1464, 0.1471, 0.1918],
        [0.1253, 0.1470, 0.1646, 0.1492, 0.1427, 0.1303, 0.1409],
        [0.1245, 0.1238, 0.1402, 0.1630, 0.1718, 0.1224, 0.1544],
        [0.1064, 0.1349, 0.1487, 0.1473, 0.1603, 0.1368, 0.1654],
        [0.1456, 0.1328, 0.1514, 0.1386, 0.1557, 0.1648, 0.1112],
        [0.1105, 0.1580, 0.1413, 0.1337, 0.1405, 0.1777, 0.1383],
        [0.1348, 0.1424, 0.1316, 0.1276, 0.1645, 0.1493, 0.1497]],
       device='cuda:0')

line 303 => train data수 70
line 258 => 인스턴스 수 10
=======test_loader=======
=======dev_loader=======
=======train_labeled_loader=======
=======finish=======
>>Epoch 5 Step 40 acc_test 0.172260 f1_test 0.063558 acc_val 0.240271 f1_val 0.120658 acc_train 0.300000 f1_train 0.215745 psl_cor 0 psl_totl 0 pslt_global 0.900000  Tim 0:06:53
acc_train_cw(train의 class별 acc) [0.5, 0.0, 0.0, 0.0, 0.9, 0.0, 0.7]
cw_psl_total_eval(pseudo label 클래스별 총 샘플 수):  [0, 0, 0, 0, 0, 0, 0]
cw_psl_correct_eval(pseudo label 클래스별 맞은 샘플 수):  [0, 0, 0, 0, 0, 0, 0]
psl_acc(PSL 평가에서의 정확도): None 
cw_psl_acc(클래스별 PSL 평가에서의 정확도):  [nan, nan, nan, nan, nan, nan, nan]
Save model to ./experiment/few_shot/output/
tensor([[0.1498, 0.1300, 0.1469, 0.1148, 0.1436, 0.1680, 0.1468],
        [0.1325, 0.1553, 0.1247, 0.1281, 0.1479, 0.1573, 0.1543],
        [0.1534, 0.1235, 0.1432, 0.1403, 0.1369, 0.1584, 0.1443],
        [0.1312, 0.1489, 0.1296, 0.1481, 0.1470, 0.1530, 0.1422],
        [0.0900, 0.1386, 0.1199, 0.1772, 0.1451, 0.1786, 0.1505],
        [0.1227, 0.1322, 0.1637, 0.1405, 0.1623, 0.1611, 0.1174],
        [0.1384, 0.1422, 0.1327, 0.1418, 0.1379, 0.1899, 0.1170]],
       device='cuda:0')
tensor([[0.0897, 0.1275, 0.1284, 0.2167, 0.1128, 0.1450, 0.1799],
        [0.1261, 0.1700, 0.1060, 0.1489, 0.1542, 0.1514, 0.1435],
        [0.1283, 0.1478, 0.1125, 0.1495, 0.1579, 0.1696, 0.1343],
        [0.1168, 0.1406, 0.1426, 0.1318, 0.1770, 0.1520, 0.1393],
        [0.0849, 0.1365, 0.1081, 0.1898, 0.1436, 0.1215, 0.2156],
        [0.1286, 0.1529, 0.1587, 0.1572, 0.1294, 0.1372, 0.1360],
        [0.1125, 0.1369, 0.1468, 0.1471, 0.1620, 0.1517, 0.1431]],
       device='cuda:0')
tensor([[0.1015, 0.1330, 0.1217, 0.1514, 0.1287, 0.1458, 0.2179],
        [0.0989, 0.1992, 0.1282, 0.1720, 0.1183, 0.1633, 0.1200],
        [0.1180, 0.1135, 0.1449, 0.1590, 0.1436, 0.1540, 0.1672],
        [0.1017, 0.1693, 0.1597, 0.1405, 0.1480, 0.1216, 0.1592],
        [0.1311, 0.1355, 0.1338, 0.1452, 0.1534, 0.1318, 0.1691],
        [0.1277, 0.1694, 0.1465, 0.1145, 0.1495, 0.1245, 0.1677],
        [0.0837, 0.1543, 0.1417, 0.1364, 0.1367, 0.1147, 0.2326]],
       device='cuda:0')

line 303 => train data수 70
line 258 => 인스턴스 수 10
=======test_loader=======
=======dev_loader=======
=======train_labeled_loader=======
=======finish=======
>>Epoch 6 Step 50 acc_test 0.093960 f1_test 0.106647 acc_val 0.160745 f1_val 0.128342 acc_train 0.428571 f1_train 0.417017 psl_cor 0 psl_totl 0 pslt_global 0.900000  Tim 0:08:26
acc_train_cw(train의 class별 acc) [0.5, 0.1, 0.2, 0.4, 0.6, 0.2, 1.0]
cw_psl_total_eval(pseudo label 클래스별 총 샘플 수):  [0, 0, 0, 0, 0, 0, 0]
cw_psl_correct_eval(pseudo label 클래스별 맞은 샘플 수):  [0, 0, 0, 0, 0, 0, 0]
psl_acc(PSL 평가에서의 정확도): None 
cw_psl_acc(클래스별 PSL 평가에서의 정확도):  [nan, nan, nan, nan, nan, nan, nan]
tensor([[0.1930, 0.1301, 0.1656, 0.1156, 0.1374, 0.1262, 0.1320],
        [0.1166, 0.1559, 0.1195, 0.1621, 0.1796, 0.1393, 0.1270],
        [0.1077, 0.1734, 0.1172, 0.1628, 0.1450, 0.1314, 0.1625],
        [0.1203, 0.1390, 0.1620, 0.1501, 0.1680, 0.1471, 0.1134],
        [0.0627, 0.1287, 0.0869, 0.1970, 0.1142, 0.1504, 0.2601],
        [0.1309, 0.1238, 0.1518, 0.1420, 0.1810, 0.1291, 0.1413],
        [0.1146, 0.1417, 0.1719, 0.1482, 0.1178, 0.1455, 0.1604]],
       device='cuda:0')
tensor([[0.0808, 0.1274, 0.0924, 0.1603, 0.1121, 0.1176, 0.3093],
        [0.1113, 0.1541, 0.1454, 0.1754, 0.1312, 0.1323, 0.1503],
        [0.1115, 0.1445, 0.1277, 0.1763, 0.1529, 0.1519, 0.1352],
        [0.1160, 0.1555, 0.1682, 0.1408, 0.1521, 0.1225, 0.1450],
        [0.0840, 0.1398, 0.1177, 0.1703, 0.1235, 0.1395, 0.2251],
        [0.1678, 0.1095, 0.1364, 0.1456, 0.1679, 0.1366, 0.1361],
        [0.1259, 0.1307, 0.1338, 0.1322, 0.1758, 0.1395, 0.1620]],
       device='cuda:0')
tensor([[0.0583, 0.1244, 0.0832, 0.1870, 0.1376, 0.1334, 0.2760],
        [0.1335, 0.1237, 0.1407, 0.1366, 0.1566, 0.1553, 0.1535],
        [0.0750, 0.1437, 0.1212, 0.1799, 0.1099, 0.1933, 0.1769],
        [0.0730, 0.1246, 0.1319, 0.1779, 0.1352, 0.1579, 0.1996],
        [0.1213, 0.1043, 0.1243, 0.1751, 0.1460, 0.1759, 0.1530],
        [0.0973, 0.1508, 0.1093, 0.2361, 0.1255, 0.1541, 0.1268],
        [0.0643, 0.1249, 0.0879, 0.1702, 0.1115, 0.1559, 0.2852]],
       device='cuda:0')

line 303 => train data수 70
line 258 => 인스턴스 수 10
=======test_loader=======
=======dev_loader=======
=======train_labeled_loader=======
=======finish=======
>>Epoch 7 Step 60 acc_test 0.082774 f1_test 0.084010 acc_val 0.214890 f1_val 0.160284 acc_train 0.414286 f1_train 0.368561 psl_cor 0 psl_totl 0 pslt_global 0.900000  Tim 0:09:51
acc_train_cw(train의 class별 acc) [0.7, 0.1, 0.3, 0.7, 0.4, 0.0, 0.7]
cw_psl_total_eval(pseudo label 클래스별 총 샘플 수):  [0, 0, 0, 0, 0, 0, 0]
cw_psl_correct_eval(pseudo label 클래스별 맞은 샘플 수):  [0, 0, 0, 0, 0, 0, 0]
psl_acc(PSL 평가에서의 정확도): None 
cw_psl_acc(클래스별 PSL 평가에서의 정확도):  [nan, nan, nan, nan, nan, nan, nan]
tensor([[0.2064, 0.1294, 0.1735, 0.1164, 0.1350, 0.1402, 0.0992],
        [0.1168, 0.1353, 0.0930, 0.1536, 0.2098, 0.1656, 0.1260],
        [0.1036, 0.1519, 0.1244, 0.1570, 0.1659, 0.1561, 0.1411],
        [0.1194, 0.1368, 0.1353, 0.1833, 0.1498, 0.1612, 0.1141],
        [0.0697, 0.0920, 0.0778, 0.2749, 0.0858, 0.1715, 0.2283],
        [0.1189, 0.1346, 0.1075, 0.1481, 0.1214, 0.2142, 0.1554],
        [0.0975, 0.1520, 0.1198, 0.1613, 0.1463, 0.1662, 0.1569]],
       device='cuda:0')
tensor([[0.0616, 0.1069, 0.0914, 0.2105, 0.1356, 0.1965, 0.1975],
        [0.0809, 0.1348, 0.1269, 0.1894, 0.1671, 0.1505, 0.1503],
        [0.0890, 0.1712, 0.0877, 0.2061, 0.1450, 0.1776, 0.1235],
        [0.0950, 0.1615, 0.1312, 0.1671, 0.1911, 0.1300, 0.1241],
        [0.0593, 0.1245, 0.0828, 0.1883, 0.1124, 0.1570, 0.2756],
        [0.1611, 0.1619, 0.1099, 0.1343, 0.1324, 0.1429, 0.1576],
        [0.1180, 0.1342, 0.1432, 0.1493, 0.1635, 0.1641, 0.1277]],
       device='cuda:0')
tensor([[0.0772, 0.1368, 0.1162, 0.1841, 0.1186, 0.1436, 0.2234],
        [0.1179, 0.1355, 0.1065, 0.1565, 0.1580, 0.1779, 0.1476],
        [0.0793, 0.1685, 0.0739, 0.2169, 0.1182, 0.1272, 0.2161],
        [0.0522, 0.1421, 0.0825, 0.1975, 0.1168, 0.1683, 0.2405],
        [0.0879, 0.1249, 0.1031, 0.2207, 0.1252, 0.1732, 0.1649],
        [0.1158, 0.1648, 0.1078, 0.1697, 0.1657, 0.1296, 0.1467],
        [0.0965, 0.1319, 0.0940, 0.1844, 0.1400, 0.1597, 0.1936]],
       device='cuda:0')

line 303 => train data수 70
line 258 => 인스턴스 수 10
=======test_loader=======
=======dev_loader=======
=======train_labeled_loader=======
=======finish=======
>>Epoch 8 Step 70 acc_test 0.102908 f1_test 0.108233 acc_val 0.208122 f1_val 0.162182 acc_train 0.471429 f1_train 0.418312 psl_cor 0 psl_totl 0 pslt_global 0.900000  Tim 0:11:37
acc_train_cw(train의 class별 acc) [0.7, 0.4, 0.0, 0.7, 0.5, 0.1, 0.9]
cw_psl_total_eval(pseudo label 클래스별 총 샘플 수):  [0, 0, 0, 0, 0, 0, 0]
cw_psl_correct_eval(pseudo label 클래스별 맞은 샘플 수):  [0, 0, 0, 0, 0, 0, 0]
psl_acc(PSL 평가에서의 정확도): None 
cw_psl_acc(클래스별 PSL 평가에서의 정확도):  [nan, nan, nan, nan, nan, nan, nan]
tensor([[0.2112, 0.1254, 0.1985, 0.0967, 0.1491, 0.1275, 0.0917],
        [0.1142, 0.1458, 0.1261, 0.1343, 0.2156, 0.1518, 0.1123],
        [0.1341, 0.1593, 0.1889, 0.1168, 0.1701, 0.1352, 0.0957],
        [0.1305, 0.1105, 0.1530, 0.1435, 0.1884, 0.1690, 0.1051],
        [0.0441, 0.1170, 0.0869, 0.1749, 0.0789, 0.1363, 0.3618],
        [0.1459, 0.1445, 0.1943, 0.1077, 0.1342, 0.1405, 0.1330],
        [0.1120, 0.1436, 0.1727, 0.1372, 0.1099, 0.1677, 0.1570]],
       device='cuda:0')
tensor([[0.0582, 0.1281, 0.0923, 0.1605, 0.0712, 0.1107, 0.3789],
        [0.1034, 0.1434, 0.1793, 0.1163, 0.1632, 0.1279, 0.1665],
        [0.1059, 0.1688, 0.1290, 0.1535, 0.1456, 0.1678, 0.1295],
        [0.1551, 0.1257, 0.1665, 0.1319, 0.1506, 0.1401, 0.1300],
        [0.0547, 0.1267, 0.0904, 0.1646, 0.0669, 0.1245, 0.3721],
        [0.1590, 0.1457, 0.1575, 0.1428, 0.1281, 0.1500, 0.1169],
        [0.1483, 0.1722, 0.1622, 0.1108, 0.1365, 0.1356, 0.1344]],
       device='cuda:0')
tensor([[0.0397, 0.1328, 0.0817, 0.1288, 0.0889, 0.1353, 0.3929],
        [0.1098, 0.1300, 0.1527, 0.1667, 0.1580, 0.1550, 0.1279],
        [0.0498, 0.1495, 0.1386, 0.1471, 0.0904, 0.1450, 0.2795],
        [0.0648, 0.1461, 0.1210, 0.1681, 0.0782, 0.1854, 0.2364],
        [0.1031, 0.1385, 0.1568, 0.1703, 0.1023, 0.1365, 0.1924],
        [0.0977, 0.1640, 0.1311, 0.1471, 0.1042, 0.2397, 0.1161],
        [0.0401, 0.1390, 0.0957, 0.2373, 0.0812, 0.1098, 0.2970]],
       device='cuda:0')

line 303 => train data수 70
line 258 => 인스턴스 수 10
=======test_loader=======
=======dev_loader=======
=======train_labeled_loader=======
=======finish=======
>>Epoch 9 Step 80 acc_test 0.093960 f1_test 0.119450 acc_val 0.135364 f1_val 0.121581 acc_train 0.457143 f1_train 0.434379 psl_cor 0 psl_totl 0 pslt_global 0.900000  Tim 0:12:56
acc_train_cw(train의 class별 acc) [0.8, 0.1, 0.6, 0.5, 0.3, 0.1, 0.8]
cw_psl_total_eval(pseudo label 클래스별 총 샘플 수):  [0, 0, 0, 0, 0, 0, 0]
cw_psl_correct_eval(pseudo label 클래스별 맞은 샘플 수):  [0, 0, 0, 0, 0, 0, 0]
psl_acc(PSL 평가에서의 정확도): None 
cw_psl_acc(클래스별 PSL 평가에서의 정확도):  [nan, nan, nan, nan, nan, nan, nan]
tensor([[0.2672, 0.1047, 0.1698, 0.0936, 0.1354, 0.1270, 0.1024],
        [0.1171, 0.1690, 0.1265, 0.1531, 0.1597, 0.1974, 0.0772],
        [0.1299, 0.1502, 0.1856, 0.1184, 0.1632, 0.1757, 0.0771],
        [0.1442, 0.1137, 0.1269, 0.1368, 0.1663, 0.2414, 0.0707],
        [0.0341, 0.0990, 0.0955, 0.2840, 0.1262, 0.1401, 0.2212],
        [0.1648, 0.1365, 0.1969, 0.1311, 0.1651, 0.1340, 0.0716],
        [0.1626, 0.1306, 0.1956, 0.1324, 0.1710, 0.1145, 0.0932]],
       device='cuda:0')
tensor([[0.0420, 0.1037, 0.0675, 0.2293, 0.0808, 0.1504, 0.3264],
        [0.1117, 0.1497, 0.1490, 0.1845, 0.1476, 0.1500, 0.1075],
        [0.1150, 0.1464, 0.1657, 0.1772, 0.1534, 0.1736, 0.0687],
        [0.1005, 0.1311, 0.1565, 0.1643, 0.1631, 0.1859, 0.0987],
        [0.0361, 0.1232, 0.0773, 0.1820, 0.1016, 0.1457, 0.3339],
        [0.1440, 0.1289, 0.1724, 0.1434, 0.1994, 0.1276, 0.0841],
        [0.0675, 0.1783, 0.1542, 0.1665, 0.1916, 0.1342, 0.1078]],
       device='cuda:0')
tensor([[0.0444, 0.1298, 0.0685, 0.2199, 0.0853, 0.1444, 0.3078],
        [0.1544, 0.1516, 0.1693, 0.1311, 0.1551, 0.1496, 0.0889],
        [0.0365, 0.1430, 0.1134, 0.1483, 0.1175, 0.1243, 0.3171],
        [0.0451, 0.1164, 0.1032, 0.2329, 0.1345, 0.1607, 0.2072],
        [0.0922, 0.1761, 0.1177, 0.1800, 0.1388, 0.1528, 0.1425],
        [0.1148, 0.1278, 0.1589, 0.1675, 0.1492, 0.2134, 0.0684],
        [0.0443, 0.1303, 0.0972, 0.2217, 0.1092, 0.1562, 0.2410]],
       device='cuda:0')

line 303 => train data수 70
line 258 => 인스턴스 수 10
=======test_loader=======
=======dev_loader=======
=======train_labeled_loader=======
=======finish=======
>>Epoch 10 Step 90 acc_test 0.161074 f1_test 0.172250 acc_val 0.211506 f1_val 0.165587 acc_train 0.642857 f1_train 0.626846 psl_cor 0 psl_totl 0 pslt_global 0.900000  Tim 0:14:32
acc_train_cw(train의 class별 acc) [0.9, 0.3, 0.9, 0.7, 0.7, 0.3, 0.7]
cw_psl_total_eval(pseudo label 클래스별 총 샘플 수):  [0, 0, 0, 0, 0, 0, 0]
cw_psl_correct_eval(pseudo label 클래스별 맞은 샘플 수):  [0, 0, 0, 0, 0, 0, 0]
psl_acc(PSL 평가에서의 정확도): None 
cw_psl_acc(클래스별 PSL 평가에서의 정확도):  [nan, nan, nan, nan, nan, nan, nan]
tensor([[0.2779, 0.1205, 0.2150, 0.0904, 0.1173, 0.1091, 0.0699],
        [0.0923, 0.1468, 0.1088, 0.1692, 0.2179, 0.1935, 0.0714],
        [0.1649, 0.1617, 0.1907, 0.0901, 0.1700, 0.1307, 0.0919],
        [0.1594, 0.1341, 0.1509, 0.1082, 0.2070, 0.1814, 0.0589],
        [0.0459, 0.1572, 0.0738, 0.2224, 0.1150, 0.1299, 0.2558],
        [0.1581, 0.1790, 0.2121, 0.0976, 0.1349, 0.1299, 0.0884],
        [0.1657, 0.1491, 0.1781, 0.1190, 0.1346, 0.1300, 0.1235]],
       device='cuda:0')
tensor([[0.0497, 0.1400, 0.0694, 0.1863, 0.0684, 0.1011, 0.3851],
        [0.1256, 0.1476, 0.1626, 0.1742, 0.1260, 0.1518, 0.1122],
        [0.1115, 0.1315, 0.1259, 0.1845, 0.1458, 0.2281, 0.0728],
        [0.0936, 0.1289, 0.1477, 0.1799, 0.1644, 0.2110, 0.0744],
        [0.0518, 0.1475, 0.0694, 0.1678, 0.1103, 0.0966, 0.3565],
        [0.1696, 0.1513, 0.1670, 0.1347, 0.1542, 0.1577, 0.0656],
        [0.0842, 0.1626, 0.1736, 0.1542, 0.1517, 0.1564, 0.1172]],
       device='cuda:0')
tensor([[0.0400, 0.1427, 0.0787, 0.1988, 0.1151, 0.1014, 0.3233],
        [0.1158, 0.1984, 0.1546, 0.1367, 0.1495, 0.1258, 0.1193],
        [0.0637, 0.1715, 0.0967, 0.2104, 0.1213, 0.0966, 0.2399],
        [0.0426, 0.1669, 0.1056, 0.2431, 0.1186, 0.1384, 0.1849],
        [0.1194, 0.1504, 0.1588, 0.1667, 0.1416, 0.1557, 0.1075],
        [0.1275, 0.1400, 0.1566, 0.1292, 0.1773, 0.2159, 0.0535],
        [0.0404, 0.1656, 0.0723, 0.1807, 0.1055, 0.1357, 0.2997]],
       device='cuda:0')

line 303 => train data수 70
line 258 => 인스턴스 수 10
=======test_loader=======
=======dev_loader=======
=======train_labeled_loader=======
=======finish=======
>>Epoch 11 Step 100 acc_test 0.183445 f1_test 0.183040 acc_val 0.179357 f1_val 0.150372 acc_train 0.628571 f1_train 0.627512 psl_cor 0 psl_totl 0 pslt_global 0.900000  Tim 0:16:12
acc_train_cw(train의 class별 acc) [0.9, 0.6, 0.5, 0.7, 0.6, 0.4, 0.7]
cw_psl_total_eval(pseudo label 클래스별 총 샘플 수):  [0, 0, 0, 0, 0, 0, 0]
cw_psl_correct_eval(pseudo label 클래스별 맞은 샘플 수):  [0, 0, 0, 0, 0, 0, 0]
psl_acc(PSL 평가에서의 정확도): None 
cw_psl_acc(클래스별 PSL 평가에서의 정확도):  [nan, nan, nan, nan, nan, nan, nan]
tensor([[0.2248, 0.1296, 0.2301, 0.0799, 0.1079, 0.1302, 0.0975],
        [0.0530, 0.1338, 0.0914, 0.1922, 0.2750, 0.1858, 0.0687],
        [0.1012, 0.1580, 0.2475, 0.0929, 0.1952, 0.1344, 0.0707],
        [0.1107, 0.0958, 0.0914, 0.2286, 0.1695, 0.2623, 0.0418],
        [0.0303, 0.1022, 0.0530, 0.2445, 0.0916, 0.1589, 0.3196],
        [0.1455, 0.1468, 0.3104, 0.0738, 0.1825, 0.0850, 0.0560],
        [0.1618, 0.1498, 0.2285, 0.0839, 0.1561, 0.1102, 0.1097]],
       device='cuda:0')
tensor([[0.0308, 0.1428, 0.0423, 0.2075, 0.0695, 0.1142, 0.3929],
        [0.0705, 0.1562, 0.1115, 0.1796, 0.1497, 0.1178, 0.2146],
        [0.0804, 0.0890, 0.0840, 0.2618, 0.1495, 0.2764, 0.0588],
        [0.0548, 0.1283, 0.2250, 0.1552, 0.1839, 0.1149, 0.1379],
        [0.0269, 0.1340, 0.0445, 0.1679, 0.0758, 0.0814, 0.4694],
        [0.1078, 0.1641, 0.2323, 0.1404, 0.1589, 0.0890, 0.1075],
        [0.0695, 0.1617, 0.1682, 0.1302, 0.1512, 0.1111, 0.2081]],
       device='cuda:0')
tensor([[0.0398, 0.1234, 0.0635, 0.1574, 0.0880, 0.0945, 0.4335],
        [0.0782, 0.1862, 0.1882, 0.1233, 0.1898, 0.1218, 0.1125],
        [0.0262, 0.1416, 0.0737, 0.1855, 0.0982, 0.0943, 0.3804],
        [0.0401, 0.1189, 0.1033, 0.2096, 0.1566, 0.1009, 0.2707],
        [0.0918, 0.1613, 0.1084, 0.1782, 0.0790, 0.2424, 0.1390],
        [0.1784, 0.1121, 0.1580, 0.1121, 0.1634, 0.2123, 0.0637],
        [0.0235, 0.1259, 0.0569, 0.2682, 0.1067, 0.1408, 0.2780]],
       device='cuda:0')

line 303 => train data수 70
line 258 => 인스턴스 수 10
=======test_loader=======
=======dev_loader=======
=======train_labeled_loader=======
=======finish=======
>>Epoch 12 Step 110 acc_test 0.147651 f1_test 0.166935 acc_val 0.167513 f1_val 0.145097 acc_train 0.700000 f1_train 0.686803 psl_cor 0 psl_totl 0 pslt_global 0.900000  Tim 0:17:28
acc_train_cw(train의 class별 acc) [0.9, 0.4, 0.8, 0.8, 0.6, 0.4, 1.0]
cw_psl_total_eval(pseudo label 클래스별 총 샘플 수):  [0, 0, 0, 0, 0, 0, 0]
cw_psl_correct_eval(pseudo label 클래스별 맞은 샘플 수):  [0, 0, 0, 0, 0, 0, 0]
psl_acc(PSL 평가에서의 정확도): None 
cw_psl_acc(클래스별 PSL 평가에서의 정확도):  [nan, nan, nan, nan, nan, nan, nan]
tensor([[0.3678, 0.1007, 0.2426, 0.0496, 0.0787, 0.0962, 0.0644],
        [0.0657, 0.1643, 0.1473, 0.1277, 0.2309, 0.1956, 0.0686],
        [0.1086, 0.1909, 0.2908, 0.0538, 0.1972, 0.0727, 0.0860],
        [0.1084, 0.0968, 0.1265, 0.1420, 0.2048, 0.2766, 0.0449],
        [0.0242, 0.1049, 0.0516, 0.2890, 0.0681, 0.1406, 0.3218],
        [0.1680, 0.1428, 0.3200, 0.0515, 0.1810, 0.0638, 0.0729],
        [0.2119, 0.1679, 0.2693, 0.0543, 0.1381, 0.0719, 0.0865]],
       device='cuda:0')
tensor([[0.0307, 0.1146, 0.0619, 0.1389, 0.0518, 0.0882, 0.5138],
        [0.1559, 0.1806, 0.2212, 0.0990, 0.1254, 0.0974, 0.1206],
        [0.0928, 0.1140, 0.1263, 0.1604, 0.1789, 0.2743, 0.0533],
        [0.0671, 0.1232, 0.1730, 0.1393, 0.2214, 0.1490, 0.1269],
        [0.0358, 0.1444, 0.0555, 0.1206, 0.0660, 0.0652, 0.5125],
        [0.1271, 0.1702, 0.3108, 0.0727, 0.1579, 0.0892, 0.0721],
        [0.0587, 0.1867, 0.2272, 0.0820, 0.1734, 0.0914, 0.1806]],
       device='cuda:0')
tensor([[0.0327, 0.1831, 0.0654, 0.1026, 0.0749, 0.0681, 0.4733],
        [0.1052, 0.2110, 0.2773, 0.0781, 0.1471, 0.0898, 0.0915],
        [0.0545, 0.1757, 0.1280, 0.0986, 0.0905, 0.0703, 0.3823],
        [0.0262, 0.1617, 0.1371, 0.1908, 0.1099, 0.0999, 0.2744],
        [0.1063, 0.1765, 0.2024, 0.1347, 0.1043, 0.1106, 0.1652],
        [0.1467, 0.1621, 0.2391, 0.0789, 0.1889, 0.1221, 0.0622],
        [0.0308, 0.1522, 0.1101, 0.1485, 0.0906, 0.0917, 0.3761]],
       device='cuda:0')

line 303 => train data수 70
line 258 => 인스턴스 수 10
=======test_loader=======
=======dev_loader=======
=======train_labeled_loader=======
=======finish=======
>>Epoch 13 Step 120 acc_test 0.165548 f1_test 0.164286 acc_val 0.175973 f1_val 0.134451 acc_train 0.657143 f1_train 0.645546 psl_cor 0 psl_totl 0 pslt_global 0.900000  Tim 0:19:10
acc_train_cw(train의 class별 acc) [0.9, 0.3, 0.8, 0.7, 0.3, 0.6, 1.0]
cw_psl_total_eval(pseudo label 클래스별 총 샘플 수):  [0, 0, 0, 0, 0, 0, 0]
cw_psl_correct_eval(pseudo label 클래스별 맞은 샘플 수):  [0, 0, 0, 0, 0, 0, 0]
psl_acc(PSL 평가에서의 정확도): None 
cw_psl_acc(클래스별 PSL 평가에서의 정확도):  [nan, nan, nan, nan, nan, nan, nan]
tensor([[0.2696, 0.1380, 0.2917, 0.0426, 0.1081, 0.0624, 0.0876],
        [0.0665, 0.2107, 0.1102, 0.1037, 0.2400, 0.1477, 0.1213],
        [0.1362, 0.1612, 0.2757, 0.0624, 0.2039, 0.0825, 0.0780],
        [0.0548, 0.1608, 0.1088, 0.1441, 0.2909, 0.1817, 0.0590],
        [0.0272, 0.1309, 0.0594, 0.1393, 0.0834, 0.0472, 0.5125],
        [0.1363, 0.1632, 0.3097, 0.0556, 0.1801, 0.0575, 0.0975],
        [0.1438, 0.2227, 0.2025, 0.0708, 0.1312, 0.0734, 0.1556]],
       device='cuda:0')
tensor([[0.0284, 0.1148, 0.0462, 0.1570, 0.0842, 0.0707, 0.4988],
        [0.0555, 0.2219, 0.1577, 0.0936, 0.1500, 0.0619, 0.2594],
        [0.0868, 0.1960, 0.1479, 0.1252, 0.2218, 0.1471, 0.0752],
        [0.0649, 0.1989, 0.2555, 0.0762, 0.1779, 0.0486, 0.1779],
        [0.0500, 0.1437, 0.0522, 0.0808, 0.0728, 0.0508, 0.5497],
        [0.0616, 0.2057, 0.2924, 0.0558, 0.1756, 0.0468, 0.1621],
        [0.0910, 0.1739, 0.2134, 0.0745, 0.1959, 0.0404, 0.2110]],
       device='cuda:0')
tensor([[0.0215, 0.1211, 0.0428, 0.0875, 0.0714, 0.0408, 0.6149],
        [0.0529, 0.2763, 0.1892, 0.0808, 0.1838, 0.0510, 0.1660],
        [0.0378, 0.1879, 0.0913, 0.0919, 0.0964, 0.0467, 0.4480],
        [0.0398, 0.1413, 0.0911, 0.1143, 0.1446, 0.0665, 0.4024],
        [0.0774, 0.2203, 0.1236, 0.0917, 0.1368, 0.0659, 0.2843],
        [0.1135, 0.1810, 0.2266, 0.0807, 0.1733, 0.1691, 0.0559],
        [0.0345, 0.1866, 0.0636, 0.0895, 0.0912, 0.0410, 0.4935]],
       device='cuda:0')

line 303 => train data수 76
line 258 => 인스턴스 수 11
=======test_loader=======
=======dev_loader=======
=======train_labeled_loader=======
=======finish=======
>>Epoch 14 Step 130 acc_test 0.158837 f1_test 0.174303 acc_val 0.209814 f1_val 0.154997 acc_train 0.828947 f1_train 0.823973 psl_cor 5 psl_totl 6 pslt_global 0.900000  Tim 0:20:44
acc_train_cw(train의 class별 acc) [0.933, 0.6, 1.0, 0.7, 0.8, 0.727, 1.0]
cw_psl_total_eval(pseudo label 클래스별 총 샘플 수):  [5, 0, 0, 0, 0, 1, 0]
cw_psl_correct_eval(pseudo label 클래스별 맞은 샘플 수):  [5, 0, 0, 0, 0, 0, 0]
psl_acc(PSL 평가에서의 정확도):  0.833 
cw_psl_acc(클래스별 PSL 평가에서의 정확도):  [1.0, nan, nan, nan, nan, 0.0, nan]
train batch instace수가 7안됨 pass
tensor([[0.4058, 0.1093, 0.2368, 0.0339, 0.0879, 0.0637, 0.0627],
        [0.0446, 0.2157, 0.1127, 0.0945, 0.3295, 0.1186, 0.0844],
        [0.1058, 0.1485, 0.2902, 0.0466, 0.2610, 0.0646, 0.0834],
        [0.0711, 0.0636, 0.0641, 0.2173, 0.2275, 0.3122, 0.0441],
        [0.0247, 0.0706, 0.0342, 0.4342, 0.0662, 0.1304, 0.2398],
        [0.1394, 0.1289, 0.3218, 0.0578, 0.2105, 0.0694, 0.0722],
        [0.0925, 0.2614, 0.3348, 0.0343, 0.1696, 0.0292, 0.0782]],
       device='cuda:0')
tensor([[0.0259, 0.0992, 0.0391, 0.1896, 0.0537, 0.0574, 0.5351],
        [0.0487, 0.1646, 0.1686, 0.1097, 0.2216, 0.0506, 0.2363],
        [0.0760, 0.1092, 0.0966, 0.1812, 0.2029, 0.2577, 0.0765],
        [0.0232, 0.1169, 0.1219, 0.1793, 0.2835, 0.0553, 0.2199],
        [0.0251, 0.0974, 0.0396, 0.1151, 0.0942, 0.0298, 0.5987],
        [0.0494, 0.1443, 0.2133, 0.0969, 0.2646, 0.0527, 0.1788],
        [0.0332, 0.1307, 0.0988, 0.1452, 0.2943, 0.0490, 0.2489]],
       device='cuda:0')
tensor([[0.0675, 0.1282, 0.0647, 0.1282, 0.0839, 0.0789, 0.4487],
        [0.1031, 0.1702, 0.2457, 0.0784, 0.2130, 0.0730, 0.1166],
        [0.0218, 0.1338, 0.0412, 0.1252, 0.0794, 0.0453, 0.5533],
        [0.0234, 0.1358, 0.0879, 0.1317, 0.1468, 0.0609, 0.4135],
        [0.0735, 0.1866, 0.2207, 0.0880, 0.1836, 0.0566, 0.1910],
        [0.0646, 0.0883, 0.0989, 0.1444, 0.2129, 0.3627, 0.0281],
        [0.0151, 0.1017, 0.0398, 0.2383, 0.1065, 0.0851, 0.4135]],
       device='cuda:0')

line 303 => train data수 173
line 258 => 인스턴스 수 25
=======test_loader=======
=======dev_loader=======
=======train_labeled_loader=======
=======finish=======
>>Epoch 15 Step 141 acc_test 0.199105 f1_test 0.208502 acc_val 0.225042 f1_val 0.173119 acc_train 0.930636 f1_train 0.829013 psl_cor 84 psl_totl 101 pslt_global 0.900000  Tim 0:22:06
acc_train_cw(train의 class별 acc) [1.0, 0.5, 1.0, 0.9, 0.9, 0.545, 1.0]
cw_psl_total_eval(pseudo label 클래스별 총 샘플 수):  [101, 0, 0, 0, 0, 0, 0]
cw_psl_correct_eval(pseudo label 클래스별 맞은 샘플 수):  [84, 0, 0, 0, 0, 0, 0]
psl_acc(PSL 평가에서의 정확도):  0.832 
cw_psl_acc(클래스별 PSL 평가에서의 정확도):  [0.8316831588745117, nan, nan, nan, nan, nan, nan]
train batch instace수가 7안됨 pass
tensor([[0.8814, 0.0204, 0.0377, 0.0122, 0.0159, 0.0168, 0.0156],
        [0.0311, 0.0801, 0.0564, 0.2170, 0.3236, 0.1811, 0.1107],
        [0.0802, 0.2370, 0.1888, 0.0554, 0.3311, 0.0504, 0.0570],
        [0.2692, 0.0315, 0.0288, 0.1651, 0.0830, 0.3934, 0.0291],
        [0.0499, 0.0553, 0.0365, 0.4508, 0.0811, 0.2510, 0.0753],
        [0.4318, 0.0680, 0.0954, 0.1002, 0.0989, 0.1619, 0.0437],
        [0.5670, 0.1406, 0.1231, 0.0334, 0.0508, 0.0401, 0.0451]],
       device='cuda:0')
tensor([[0.0210, 0.0655, 0.0302, 0.4588, 0.0512, 0.1417, 0.2315],
        [0.1127, 0.0942, 0.1007, 0.2934, 0.1291, 0.1155, 0.1544],
        [0.5607, 0.0346, 0.0305, 0.1155, 0.0570, 0.1728, 0.0289],
        [0.0733, 0.0632, 0.0506, 0.3901, 0.0924, 0.2513, 0.0792],
        [0.0241, 0.1019, 0.0280, 0.2500, 0.0741, 0.0918, 0.4300],
        [0.1352, 0.1313, 0.1320, 0.1977, 0.1995, 0.0844, 0.1199],
        [0.0299, 0.0973, 0.0806, 0.1681, 0.2613, 0.0606, 0.3021]],
       device='cuda:0')
tensor([[0.0248, 0.0978, 0.0254, 0.3227, 0.0610, 0.0737, 0.3946],
        [0.0671, 0.2138, 0.1531, 0.1019, 0.3102, 0.0384, 0.1155],
        [0.0371, 0.1258, 0.0510, 0.2352, 0.0662, 0.0779, 0.4068],
        [0.0170, 0.0752, 0.0429, 0.3600, 0.1121, 0.1194, 0.2734],
        [0.7017, 0.0402, 0.0509, 0.0553, 0.0440, 0.0604, 0.0477],
        [0.1942, 0.0407, 0.0334, 0.1815, 0.1036, 0.4166, 0.0300],
        [0.0246, 0.0509, 0.0257, 0.5346, 0.0618, 0.1697, 0.1328]],
       device='cuda:0')

line 303 => train data수 563
line 258 => 인스턴스 수 81
=======test_loader=======
=======dev_loader=======
=======train_labeled_loader=======
=======finish=======
>>Epoch 16 Step 166 acc_test 0.185682 f1_test 0.136837 acc_val 0.192893 f1_val 0.135334 acc_train 0.889876 f1_train 0.798116 psl_cor 123 psl_totl 405 pslt_global 0.900000  Tim 0:24:06
acc_train_cw(train의 class별 acc) [1.0, 0.519, 0.55, 0.889, 0.882, 0.69, 0.995]
cw_psl_total_eval(pseudo label 클래스별 총 샘플 수):  [37, 17, 50, 8, 76, 18, 199]
cw_psl_correct_eval(pseudo label 클래스별 맞은 샘플 수):  [29, 8, 10, 4, 16, 5, 51]
psl_acc(PSL 평가에서의 정확도):  0.304 
cw_psl_acc(클래스별 PSL 평가에서의 정확도):  [0.7837837934494019, 0.47058823704719543, 0.20000000298023224, 0.5, 0.21052631735801697, 0.2777777910232544, 0.25628140568733215]
train batch instace수가 7안됨 pass
tensor([[0.9260, 0.0116, 0.0261, 0.0066, 0.0064, 0.0125, 0.0108],
        [0.0132, 0.0232, 0.0142, 0.1845, 0.3792, 0.3478, 0.0379],
        [0.0203, 0.0942, 0.0947, 0.0557, 0.6402, 0.0642, 0.0306],
        [0.0489, 0.0144, 0.0143, 0.1262, 0.0843, 0.6802, 0.0317],
        [0.0318, 0.0248, 0.0194, 0.3020, 0.0261, 0.1550, 0.4410],
        [0.0315, 0.0624, 0.3769, 0.0252, 0.4484, 0.0322, 0.0234],
        [0.8394, 0.0230, 0.0875, 0.0089, 0.0114, 0.0148, 0.0150]],
       device='cuda:0')
tensor([[0.0084, 0.0144, 0.0096, 0.0337, 0.0083, 0.0199, 0.9057],
        [0.3081, 0.0388, 0.0590, 0.1129, 0.0308, 0.1041, 0.3463],
        [0.1188, 0.0191, 0.0150, 0.1398, 0.0532, 0.6290, 0.0251],
        [0.0165, 0.0279, 0.0175, 0.2770, 0.0618, 0.2622, 0.3372],
        [0.0059, 0.0124, 0.0052, 0.0119, 0.0060, 0.0079, 0.9506],
        [0.0316, 0.0298, 0.0440, 0.1805, 0.1396, 0.2146, 0.3599],
        [0.0064, 0.0288, 0.0331, 0.0377, 0.0935, 0.0231, 0.7774]],
       device='cuda:0')
tensor([[0.0043, 0.0111, 0.0052, 0.0103, 0.0097, 0.0092, 0.9501],
        [0.0283, 0.2140, 0.3297, 0.0331, 0.2128, 0.0211, 0.1610],
        [0.0075, 0.0181, 0.0071, 0.0232, 0.0097, 0.0130, 0.9214],
        [0.0136, 0.0240, 0.0215, 0.1087, 0.0588, 0.1106, 0.6627],
        [0.8975, 0.0137, 0.0189, 0.0142, 0.0097, 0.0306, 0.0155],
        [0.0777, 0.0252, 0.0287, 0.1458, 0.1088, 0.5779, 0.0359],
        [0.0070, 0.0132, 0.0074, 0.0637, 0.0188, 0.0457, 0.8441]],
       device='cuda:0')

line 303 => train data수 1567
line 258 => 인스턴스 수 224
=======test_loader=======
=======dev_loader=======
=======train_labeled_loader=======
=======finish=======
>>Epoch 17 Step 247 acc_test 0.190157 f1_test 0.161643 acc_val 0.148900 f1_val 0.103405 acc_train 0.929802 f1_train 0.752573 psl_cor 485 psl_totl 1413 pslt_global 0.900000  Tim 0:26:02
acc_train_cw(train의 class별 acc) [0.989, 0.15, 0.786, 0.276, 0.923, 0.891, 1.0]
cw_psl_total_eval(pseudo label 클래스별 총 샘플 수):  [537, 2, 125, 14, 236, 110, 389]
cw_psl_correct_eval(pseudo label 클래스별 맞은 샘플 수):  [309, 1, 21, 4, 52, 16, 82]
psl_acc(PSL 평가에서의 정확도):  0.343 
cw_psl_acc(클래스별 PSL 평가에서의 정확도):  [0.575419008731842, 0.5, 0.1679999977350235, 0.2857142984867096, 0.22033898532390594, 0.145454540848732, 0.21079692244529724]
train batch instace수가 7안됨 pass
tensor([[0.9752, 0.0034, 0.0101, 0.0029, 0.0017, 0.0044, 0.0022],
        [0.0054, 0.0090, 0.0094, 0.0205, 0.8645, 0.0845, 0.0067],
        [0.0070, 0.0149, 0.0527, 0.0060, 0.9007, 0.0144, 0.0043],
        [0.0125, 0.0059, 0.0031, 0.0568, 0.0343, 0.8793, 0.0082],
        [0.0084, 0.0142, 0.0077, 0.1174, 0.0069, 0.0435, 0.8020],
        [0.0450, 0.0246, 0.4766, 0.0133, 0.3915, 0.0438, 0.0052],
        [0.7361, 0.0222, 0.2200, 0.0038, 0.0063, 0.0050, 0.0066]],
       device='cuda:0')
tensor([[0.0026, 0.0064, 0.0028, 0.0080, 0.0020, 0.0039, 0.9744],
        [0.6096, 0.0285, 0.2623, 0.0281, 0.0107, 0.0206, 0.0403],
        [0.1152, 0.0074, 0.0113, 0.0597, 0.0198, 0.7795, 0.0070],
        [0.0097, 0.0199, 0.0629, 0.2045, 0.3329, 0.2918, 0.0782],
        [0.0032, 0.0101, 0.0047, 0.0041, 0.0047, 0.0028, 0.9704],
        [0.1154, 0.0159, 0.1058, 0.0687, 0.2411, 0.4379, 0.0152],
        [0.0077, 0.0181, 0.0423, 0.0689, 0.4381, 0.0691, 0.3557]],
       device='cuda:0')
tensor([[0.0030, 0.0059, 0.0040, 0.0054, 0.0043, 0.0021, 0.9753],
        [0.0719, 0.0398, 0.7823, 0.0106, 0.0714, 0.0168, 0.0072],
        [0.0041, 0.0077, 0.0082, 0.0067, 0.0041, 0.0021, 0.9670],
        [0.0094, 0.0138, 0.0200, 0.0965, 0.0342, 0.0372, 0.7890],
        [0.9571, 0.0045, 0.0111, 0.0071, 0.0026, 0.0135, 0.0042],
        [0.0161, 0.0058, 0.0045, 0.0529, 0.0396, 0.8746, 0.0065],
        [0.0021, 0.0049, 0.0033, 0.0052, 0.0037, 0.0023, 0.9784]],
       device='cuda:0')
**bs에 맞지않음!!!!!**


line 303 => train data수 2713
line 258 => 인스턴스 수 388
=======test_loader=======
=======dev_loader=======
=======train_labeled_loader=======
=======finish=======
>>Epoch 18 Step 471 acc_test 0.214765 f1_test 0.180724 acc_val 0.187817 f1_val 0.126639 acc_train 0.940656 f1_train 0.739729 psl_cor 708 psl_totl 2530 pslt_global 0.900000  Tim 0:29:23
acc_train_cw(train의 class별 acc) [0.997, 0.0, 0.891, 0.327, 0.953, 0.872, 1.0]
cw_psl_total_eval(pseudo label 클래스별 총 샘플 수):  [653, 0, 318, 30, 415, 409, 705]
cw_psl_correct_eval(pseudo label 클래스별 맞은 샘플 수):  [348, 0, 54, 4, 97, 51, 154]
psl_acc(PSL 평가에서의 정확도):  0.28 
cw_psl_acc(클래스별 PSL 평가에서의 정확도):  [0.5329249501228333, nan, 0.16981132328510284, 0.13333334028720856, 0.23373493552207947, 0.12469437718391418, 0.2184397131204605]
train batch instace수가 7안됨 pass
tensor([[9.8181e-01, 2.6392e-03, 1.0372e-02, 8.0375e-04, 8.4159e-04, 1.6804e-03,
         1.8487e-03],
        [1.0678e-03, 3.0378e-03, 2.8660e-03, 3.5211e-03, 9.5106e-01, 3.7061e-02,
         1.3847e-03],
        [5.6665e-03, 1.4898e-02, 7.9250e-02, 5.7600e-03, 8.7566e-01, 1.5180e-02,
         3.5846e-03],
        [1.0228e-02, 3.6367e-03, 2.2623e-03, 1.3985e-02, 8.8269e-03, 9.5929e-01,
         1.7761e-03],
        [1.7634e-03, 4.7517e-03, 6.2628e-03, 2.7692e-02, 1.5907e-03, 3.5819e-03,
         9.5436e-01],
        [5.6642e-03, 1.2534e-02, 6.3625e-01, 5.9016e-03, 3.2874e-01, 7.8667e-03,
         3.0378e-03],
        [5.5928e-01, 1.4696e-02, 4.1105e-01, 2.5644e-03, 3.1809e-03, 3.6452e-03,
         5.5807e-03]], device='cuda:0')
tensor([[0.0013, 0.0034, 0.0037, 0.0059, 0.0015, 0.0010, 0.9831],
        [0.1686, 0.0116, 0.7877, 0.0070, 0.0045, 0.0091, 0.0114],
        [0.2869, 0.0092, 0.0088, 0.0159, 0.0139, 0.6606, 0.0047],
        [0.0240, 0.0282, 0.7264, 0.0348, 0.1103, 0.0477, 0.0286],
        [0.0015, 0.0042, 0.0032, 0.0059, 0.0017, 0.0010, 0.9826],
        [0.0257, 0.0096, 0.8784, 0.0054, 0.0622, 0.0162, 0.0024],
        [0.0181, 0.0256, 0.6707, 0.0368, 0.0841, 0.0125, 0.1522]],
       device='cuda:0')
tensor([[1.2370e-03, 4.3121e-03, 3.7117e-03, 4.7857e-03, 1.9308e-03, 7.3700e-04,
         9.8329e-01],
        [1.4569e-02, 7.8008e-03, 9.5013e-01, 2.7159e-03, 1.8189e-02, 4.1265e-03,
         2.4675e-03],
        [3.7587e-03, 6.2691e-03, 1.2283e-02, 6.8332e-03, 2.6947e-03, 1.4723e-03,
         9.6669e-01],
        [4.3438e-03, 1.9540e-02, 5.6208e-02, 2.4688e-01, 2.3526e-02, 3.1842e-02,
         6.1766e-01],
        [9.8342e-01, 2.5677e-03, 7.6441e-03, 1.0076e-03, 8.9098e-04, 1.9939e-03,
         2.4749e-03],
        [6.1255e-03, 4.2009e-03, 1.5577e-03, 7.5307e-03, 1.1958e-02, 9.6733e-01,
         1.2982e-03],
        [1.3322e-03, 5.5477e-03, 8.2532e-03, 6.3743e-03, 2.2857e-03, 1.0436e-03,
         9.7516e-01]], device='cuda:0')
**bs에 맞지않음!!!!!**


line 303 => train data수 3470
line 258 => 인스턴스 수 496
=======test_loader=======
=======dev_loader=======
=======train_labeled_loader=======
=======finish=======
