current work directory:  /home/imsuhan22/few-shot-tc/JointMatch_SSL/codebert/code
java_extended_data
save_name: 10_unixcoder-base_1e-05_0.9_10_java_extended_data

data_path:  ../data/../data/problem_based_split/java_extended_data

There are 1 GPU(s) available.
We will use the GPU- 0 NVIDIA GeForce RTX 3090

**line 147 모델 =>  microsoft/unixcoder-base
**tokenizer type =  microsoft/unixcoder-base 

n_labeled_per_class:  10
train_df samples: 3851
train_labeled_df samples: 70
train_unlabeled_df samples: 3781
n_classes:  7 

net_arch:  microsoft/unixcoder-base lr:  1e-05

line 303 => train data수 70
line 258 => 인스턴스 수 10
=======test_loader=======
=======dev_loader=======
=======train_labeled_loader=======
=======finish=======
>>Epoch 1 Step 0 acc_test 0.100671 f1_test 0.069870 acc_val 0.297800 f1_val 0.187759 acc_train 0.128571 f1_train 0.099647 psl_cor 0 psl_totl 0 pslt_global 0.000000  Tim 0:00:15
acc_train_cw(현재 train의 class별 acc) [0.0, 0.2, 0.4, 0.1, 0.1, 0.0, 0.1]
cw_psl_total_eval(이전 pseudo label 클래스별 총 샘플 수):  [0, 0, 0, 0, 0, 0, 0]
cw_psl_correct_eval(이전 pseudo label 클래스별 맞은 샘플 수):  [0, 0, 0, 0, 0, 0, 0]
psl_acc(PSL 평가에서의 정확도): None 
cw_psl_acc(이전 클래스별 PSL 평가에서의 정확도):  [nan, nan, nan, nan, nan, nan, nan]
Save model to ./experiment/few_shot/output/
tensor([[0.1110, 0.1385, 0.1556, 0.1785, 0.1495, 0.1234, 0.1436],
        [0.1976, 0.1764, 0.1000, 0.1238, 0.1766, 0.0935, 0.1321],
        [0.1931, 0.1471, 0.1047, 0.1713, 0.1512, 0.0935, 0.1391],
        [0.1303, 0.1372, 0.1733, 0.1581, 0.1200, 0.1102, 0.1708],
        [0.1263, 0.1578, 0.1295, 0.2167, 0.1750, 0.0737, 0.1210],
        [0.1425, 0.1561, 0.1478, 0.1370, 0.1552, 0.1175, 0.1440],
        [0.1606, 0.1508, 0.1085, 0.1731, 0.1594, 0.1232, 0.1244]],
       device='cuda:0')

line 303 => train data수 70
line 258 => 인스턴스 수 10
=======test_loader=======
=======dev_loader=======
=======train_labeled_loader=======
=======finish=======
>>Epoch 2 Step 10 acc_test 0.140940 f1_test 0.086473 acc_val 0.253807 f1_val 0.194548 acc_train 0.300000 f1_train 0.275181 psl_cor 0 psl_totl 0 pslt_global 0.900000  Tim 0:01:06
acc_train_cw(현재 train의 class별 acc) [0.4, 0.2, 0.1, 0.6, 0.4, 0.0, 0.4]
cw_psl_total_eval(이전 pseudo label 클래스별 총 샘플 수):  [0, 0, 0, 0, 0, 0, 0]
cw_psl_correct_eval(이전 pseudo label 클래스별 맞은 샘플 수):  [0, 0, 0, 0, 0, 0, 0]
psl_acc(PSL 평가에서의 정확도): None 
cw_psl_acc(이전 클래스별 PSL 평가에서의 정확도):  [nan, nan, nan, nan, nan, nan, nan]
tensor([[0.1034, 0.1349, 0.1825, 0.1488, 0.1143, 0.1578, 0.1582],
        [0.1318, 0.1695, 0.1123, 0.1232, 0.2668, 0.0801, 0.1164],
        [0.1227, 0.1655, 0.1738, 0.1438, 0.1297, 0.0857, 0.1789],
        [0.1227, 0.1627, 0.1491, 0.1648, 0.1430, 0.1195, 0.1381],
        [0.0947, 0.1217, 0.1725, 0.2214, 0.1167, 0.1399, 0.1330],
        [0.0613, 0.0892, 0.1640, 0.1530, 0.1513, 0.2241, 0.1572],
        [0.1283, 0.1525, 0.1518, 0.1205, 0.1989, 0.0980, 0.1500]],
       device='cuda:0')

line 303 => train data수 70
line 258 => 인스턴스 수 10
=======test_loader=======
=======dev_loader=======
=======train_labeled_loader=======
=======finish=======
>>Epoch 3 Step 20 acc_test 0.167785 f1_test 0.101704 acc_val 0.262267 f1_val 0.207775 acc_train 0.542857 f1_train 0.521654 psl_cor 0 psl_totl 0 pslt_global 0.900000  Tim 0:01:57
acc_train_cw(현재 train의 class별 acc) [0.6, 0.2, 0.8, 0.5, 0.8, 0.2, 0.7]
cw_psl_total_eval(이전 pseudo label 클래스별 총 샘플 수):  [0, 0, 0, 0, 0, 0, 0]
cw_psl_correct_eval(이전 pseudo label 클래스별 맞은 샘플 수):  [0, 0, 0, 0, 0, 0, 0]
psl_acc(PSL 평가에서의 정확도): None 
cw_psl_acc(이전 클래스별 PSL 평가에서의 정확도):  [nan, nan, nan, nan, nan, nan, nan]
tensor([[0.1689, 0.1623, 0.1427, 0.1141, 0.1109, 0.1652, 0.1358],
        [0.1864, 0.1388, 0.1600, 0.1283, 0.2333, 0.0785, 0.0746],
        [0.1402, 0.1458, 0.1471, 0.1392, 0.1240, 0.1602, 0.1434],
        [0.1230, 0.1143, 0.3011, 0.1503, 0.0752, 0.1133, 0.1229],
        [0.0986, 0.1342, 0.2051, 0.2164, 0.1340, 0.1126, 0.0991],
        [0.1221, 0.0724, 0.1998, 0.1403, 0.1163, 0.2165, 0.1327],
        [0.1440, 0.1933, 0.1169, 0.1574, 0.1626, 0.1276, 0.0981]],
       device='cuda:0')

line 303 => train data수 70
line 258 => 인스턴스 수 10
=======test_loader=======
=======dev_loader=======
=======train_labeled_loader=======
=======finish=======
>>Epoch 4 Step 30 acc_test 0.196868 f1_test 0.179587 acc_val 0.324873 f1_val 0.260859 acc_train 0.585714 f1_train 0.552873 psl_cor 0 psl_totl 0 pslt_global 0.900000  Tim 0:02:43
acc_train_cw(현재 train의 class별 acc) [0.7, 0.1, 0.8, 0.4, 0.9, 0.4, 0.8]
cw_psl_total_eval(이전 pseudo label 클래스별 총 샘플 수):  [0, 0, 0, 0, 0, 0, 0]
cw_psl_correct_eval(이전 pseudo label 클래스별 맞은 샘플 수):  [0, 0, 0, 0, 0, 0, 0]
psl_acc(PSL 평가에서의 정확도): None 
cw_psl_acc(이전 클래스별 PSL 평가에서의 정확도):  [nan, nan, nan, nan, nan, nan, nan]
Save model to ./experiment/few_shot/output/
tensor([[0.2846, 0.1966, 0.1424, 0.0920, 0.0722, 0.1402, 0.0721],
        [0.1079, 0.2604, 0.1417, 0.0777, 0.2223, 0.1296, 0.0605],
        [0.1119, 0.1100, 0.2484, 0.1503, 0.1096, 0.1455, 0.1242],
        [0.1543, 0.1669, 0.2956, 0.1069, 0.0767, 0.1158, 0.0838],
        [0.1565, 0.1997, 0.1552, 0.2008, 0.0664, 0.1587, 0.0628],
        [0.1187, 0.1907, 0.1856, 0.1914, 0.0914, 0.1438, 0.0784],
        [0.1687, 0.2011, 0.1007, 0.1057, 0.1415, 0.0988, 0.1835]],
       device='cuda:0')

line 303 => train data수 70
line 258 => 인스턴스 수 10
=======test_loader=======
=======dev_loader=======
=======train_labeled_loader=======
=======finish=======
>>Epoch 5 Step 40 acc_test 0.194631 f1_test 0.192847 acc_val 0.431472 f1_val 0.327900 acc_train 0.714286 f1_train 0.715712 psl_cor 0 psl_totl 0 pslt_global 0.900000  Tim 0:03:39
acc_train_cw(현재 train의 class별 acc) [0.7, 0.7, 0.9, 0.7, 0.7, 0.5, 0.8]
cw_psl_total_eval(이전 pseudo label 클래스별 총 샘플 수):  [0, 0, 0, 0, 0, 0, 0]
cw_psl_correct_eval(이전 pseudo label 클래스별 맞은 샘플 수):  [0, 0, 0, 0, 0, 0, 0]
psl_acc(PSL 평가에서의 정확도): None 
cw_psl_acc(이전 클래스별 PSL 평가에서의 정확도):  [nan, nan, nan, nan, nan, nan, nan]
Save model to ./experiment/few_shot/output/
tensor([[0.1933, 0.1534, 0.2006, 0.1087, 0.0518, 0.1852, 0.1071],
        [0.1152, 0.1461, 0.1514, 0.0824, 0.3112, 0.0577, 0.1360],
        [0.1419, 0.1566, 0.1228, 0.1920, 0.1058, 0.0767, 0.2042],
        [0.1007, 0.1624, 0.2716, 0.1063, 0.1318, 0.1142, 0.1130],
        [0.1411, 0.1576, 0.1270, 0.2282, 0.1261, 0.1102, 0.1098],
        [0.0916, 0.1512, 0.2493, 0.1216, 0.1460, 0.1052, 0.1351],
        [0.1372, 0.1663, 0.0670, 0.0872, 0.2407, 0.0865, 0.2152]],
       device='cuda:0')

line 303 => train data수 70
line 258 => 인스턴스 수 10
=======test_loader=======
=======dev_loader=======
=======train_labeled_loader=======
=======finish=======
>>Epoch 6 Step 50 acc_test 0.201342 f1_test 0.208451 acc_val 0.370558 f1_val 0.302885 acc_train 0.742857 f1_train 0.730191 psl_cor 0 psl_totl 0 pslt_global 0.900000  Tim 0:04:35
acc_train_cw(현재 train의 class별 acc) [0.7, 0.4, 1.0, 0.8, 0.8, 0.5, 1.0]
cw_psl_total_eval(이전 pseudo label 클래스별 총 샘플 수):  [0, 0, 0, 0, 0, 0, 0]
cw_psl_correct_eval(이전 pseudo label 클래스별 맞은 샘플 수):  [0, 0, 0, 0, 0, 0, 0]
psl_acc(PSL 평가에서의 정확도): None 
cw_psl_acc(이전 클래스별 PSL 평가에서의 정확도):  [nan, nan, nan, nan, nan, nan, nan]
tensor([[0.2758, 0.1425, 0.1804, 0.1123, 0.0528, 0.1447, 0.0915],
        [0.0800, 0.0761, 0.1809, 0.0906, 0.4495, 0.0656, 0.0573],
        [0.1572, 0.0959, 0.1866, 0.2723, 0.1137, 0.0623, 0.1120],
        [0.1850, 0.0952, 0.3456, 0.1645, 0.0421, 0.0887, 0.0788],
        [0.1088, 0.0778, 0.0874, 0.4556, 0.0660, 0.0967, 0.1077],
        [0.1075, 0.0826, 0.3348, 0.1363, 0.1685, 0.0850, 0.0853],
        [0.2304, 0.2203, 0.0758, 0.1226, 0.1386, 0.1046, 0.1077]],
       device='cuda:0')
