current work directory:  /home/imsuhan22/few-shot-tc/JointMatch_SSL/codebert/code
java_extended_data
save_name: 10_codebert-base_0.0005_0.9_10_java_extended_data

data_path:  ../data/../data/problem_based_split/java_extended_data

There are 1 GPU(s) available.
We will use the GPU- 0 NVIDIA GeForce RTX 3090

**line 147 모델 =>  microsoft/codebert-base
**tokenizer type =  microsoft/codebert-base 

n_labeled_per_class:  10
train_df samples: 3851
train_labeled_df samples: 70
train_unlabeled_df samples: 3781
n_classes:  7 

net_arch:  microsoft/codebert-base lr:  0.0005

line 303 => train data수 70
line 258 => 인스턴스 수 10
=======test_loader=======
=======dev_loader=======
=======train_labeled_loader=======
=======finish=======
>>Epoch 1 Step 0 acc_test 0.096197 f1_test 0.031173 acc_val 0.089679 f1_val 0.033271 acc_train 0.114286 f1_train 0.032653 psl_cor 0 psl_totl 0 pslt_global 0.000000  Tim 0:00:24
acc_train_cw(현재 train의 class별 acc) [0.8, 0.0, 0.0, 0.0, 0.0, 0.0, 0.0]
cw_psl_total_eval(이전 pseudo label 클래스별 총 샘플 수):  [0, 0, 0, 0, 0, 0, 0]
cw_psl_correct_eval(이전 pseudo label 클래스별 맞은 샘플 수):  [0, 0, 0, 0, 0, 0, 0]
psl_acc(PSL 평가에서의 정확도): None 
cw_psl_acc(이전 클래스별 PSL 평가에서의 정확도):  [nan, nan, nan, nan, nan, nan, nan]
Save model to ./experiment/few_shot/output/
tensor([[0.1057, 0.1303, 0.1235, 0.1019, 0.1662, 0.1544, 0.2180],
        [0.0956, 0.0912, 0.1287, 0.0792, 0.1808, 0.1652, 0.2593],
        [0.1038, 0.1464, 0.1169, 0.1123, 0.1750, 0.1532, 0.1923],
        [0.1026, 0.1477, 0.0946, 0.0989, 0.1626, 0.1574, 0.2363],
        [0.0959, 0.1384, 0.0986, 0.0768, 0.2001, 0.1369, 0.2534],
        [0.1051, 0.1295, 0.1333, 0.1011, 0.1640, 0.1614, 0.2055],
        [0.0920, 0.1424, 0.1273, 0.0955, 0.1748, 0.1524, 0.2155]],
       device='cuda:0')

line 303 => train data수 70
line 258 => 인스턴스 수 10
=======test_loader=======
=======dev_loader=======
=======train_labeled_loader=======
=======finish=======
>>Epoch 2 Step 10 acc_test 0.013423 f1_test 0.003784 acc_val 0.000000 f1_val 0.000000 acc_train 0.142857 f1_train 0.035714 psl_cor 0 psl_totl 0 pslt_global 0.900000  Tim 0:01:18
acc_train_cw(현재 train의 class별 acc) [0.0, 0.0, 0.0, 0.0, 0.0, 0.0, 1.0]
cw_psl_total_eval(이전 pseudo label 클래스별 총 샘플 수):  [0, 0, 0, 0, 0, 0, 0]
cw_psl_correct_eval(이전 pseudo label 클래스별 맞은 샘플 수):  [0, 0, 0, 0, 0, 0, 0]
psl_acc(PSL 평가에서의 정확도): None 
cw_psl_acc(이전 클래스별 PSL 평가에서의 정확도):  [nan, nan, nan, nan, nan, nan, nan]
tensor([[0.1310, 0.1918, 0.1449, 0.1441, 0.1575, 0.1085, 0.1223],
        [0.1513, 0.1797, 0.1450, 0.1390, 0.1394, 0.1016, 0.1440],
        [0.1396, 0.1854, 0.1504, 0.1335, 0.1421, 0.1095, 0.1396],
        [0.1489, 0.1909, 0.1340, 0.1504, 0.1530, 0.0964, 0.1264],
        [0.1549, 0.0614, 0.1709, 0.1268, 0.1325, 0.0207, 0.3328],
        [0.1057, 0.1910, 0.1587, 0.1137, 0.1331, 0.1455, 0.1521],
        [0.1417, 0.0642, 0.2045, 0.1368, 0.1390, 0.0249, 0.2887]],
       device='cuda:0')

line 303 => train data수 70
line 258 => 인스턴스 수 10
=======test_loader=======
=======dev_loader=======
=======train_labeled_loader=======
=======finish=======
>>Epoch 3 Step 20 acc_test 0.060403 f1_test 0.016275 acc_val 0.199662 f1_val 0.066573 acc_train 0.142857 f1_train 0.035714 psl_cor 0 psl_totl 0 pslt_global 0.900000  Tim 0:02:21
acc_train_cw(현재 train의 class별 acc) [0.0, 1.0, 0.0, 0.0, 0.0, 0.0, 0.0]
cw_psl_total_eval(이전 pseudo label 클래스별 총 샘플 수):  [0, 0, 0, 0, 0, 0, 0]
cw_psl_correct_eval(이전 pseudo label 클래스별 맞은 샘플 수):  [0, 0, 0, 0, 0, 0, 0]
psl_acc(PSL 평가에서의 정확도): None 
cw_psl_acc(이전 클래스별 PSL 평가에서의 정확도):  [nan, nan, nan, nan, nan, nan, nan]
Save model to ./experiment/few_shot/output/
tensor([[0.1970, 0.0846, 0.1943, 0.1341, 0.1277, 0.0901, 0.1723],
        [0.1934, 0.0791, 0.1941, 0.1380, 0.1286, 0.1034, 0.1633],
        [0.1971, 0.0755, 0.1951, 0.1118, 0.1434, 0.1095, 0.1677],
        [0.2504, 0.0445, 0.2146, 0.1269, 0.1321, 0.0513, 0.1802],
        [0.2331, 0.0464, 0.1898, 0.1380, 0.1390, 0.0556, 0.1980],
        [0.2015, 0.0813, 0.1943, 0.1269, 0.1364, 0.1072, 0.1525],
        [0.1659, 0.0927, 0.2028, 0.1365, 0.1433, 0.1077, 0.1511]],
       device='cuda:0')

line 303 => train data수 70
line 258 => 인스턴스 수 10
=======test_loader=======
=======dev_loader=======
=======train_labeled_loader=======
=======finish=======
>>Epoch 4 Step 30 acc_test 0.154362 f1_test 0.038206 acc_val 0.211506 f1_val 0.069832 acc_train 0.142857 f1_train 0.035714 psl_cor 0 psl_totl 0 pslt_global 0.900000  Tim 0:03:29
acc_train_cw(현재 train의 class별 acc) [0.0, 0.0, 1.0, 0.0, 0.0, 0.0, 0.0]
cw_psl_total_eval(이전 pseudo label 클래스별 총 샘플 수):  [0, 0, 0, 0, 0, 0, 0]
cw_psl_correct_eval(이전 pseudo label 클래스별 맞은 샘플 수):  [0, 0, 0, 0, 0, 0, 0]
psl_acc(PSL 평가에서의 정확도): None 
cw_psl_acc(이전 클래스별 PSL 평가에서의 정확도):  [nan, nan, nan, nan, nan, nan, nan]
Save model to ./experiment/few_shot/output/
tensor([[0.1206, 0.1591, 0.1669, 0.0969, 0.1706, 0.1265, 0.1594],
        [0.1070, 0.1851, 0.1538, 0.1135, 0.1676, 0.1258, 0.1473],
        [0.1199, 0.1730, 0.1708, 0.0961, 0.1606, 0.1197, 0.1599],
        [0.1132, 0.1656, 0.1880, 0.0802, 0.1596, 0.1391, 0.1544],
        [0.1171, 0.1668, 0.1710, 0.0943, 0.1672, 0.1239, 0.1597],
        [0.1152, 0.1743, 0.1705, 0.0949, 0.1469, 0.1302, 0.1680],
        [0.1211, 0.1793, 0.1749, 0.1063, 0.1512, 0.1192, 0.1482]],
       device='cuda:0')

line 303 => train data수 71
line 258 => 인스턴스 수 11
=======test_loader=======
=======dev_loader=======
=======train_labeled_loader=======
=======finish=======
>>Epoch 5 Step 40 acc_test 0.060403 f1_test 0.016275 acc_val 0.199662 f1_val 0.066573 acc_train 0.140845 f1_train 0.035273 psl_cor 0 psl_totl 1 pslt_global 0.900000  Tim 0:04:33
acc_train_cw(현재 train의 class별 acc) [0.0, 1.0, 0.0, 0.0, 0.0, 0.0, 0.0]
cw_psl_total_eval(이전 pseudo label 클래스별 총 샘플 수):  [0, 0, 0, 1, 0, 0, 0]
cw_psl_correct_eval(이전 pseudo label 클래스별 맞은 샘플 수):  [0, 0, 0, 0, 0, 0, 0]
psl_acc(이전 PSL 평가에서의 정확도):  0.0 
cw_psl_acc(이전 클래스별 PSL 평가에서의 정확도):  [nan, nan, nan, 0.0, nan, nan, nan]
train batch instace수가 7안됨 pass
tensor([[0.1327, 0.1047, 0.1829, 0.1672, 0.1315, 0.1356, 0.1454],
        [0.1182, 0.1235, 0.1821, 0.1305, 0.1399, 0.1674, 0.1383],
        [0.1278, 0.0644, 0.1853, 0.2384, 0.1360, 0.1185, 0.1297],
        [0.1338, 0.1130, 0.1680, 0.1717, 0.1359, 0.1322, 0.1454],
        [0.1187, 0.0595, 0.1980, 0.2213, 0.1524, 0.1174, 0.1327],
        [0.1318, 0.1009, 0.1836, 0.1639, 0.1397, 0.1361, 0.1441],
        [0.0414, 0.3346, 0.0382, 0.2385, 0.0786, 0.2085, 0.0601]],
       device='cuda:0')

line 303 => train data수 71
line 258 => 인스턴스 수 11
=======test_loader=======
=======dev_loader=======
=======train_labeled_loader=======
=======finish=======
>>Epoch 6 Step 51 acc_test 0.154362 f1_test 0.038206 acc_val 0.211506 f1_val 0.069832 acc_train 0.140845 f1_train 0.035273 psl_cor 0 psl_totl 0 pslt_global 0.900000  Tim 0:05:39
acc_train_cw(현재 train의 class별 acc) [0.0, 0.0, 1.0, 0.0, 0.0, 0.0, 0.0]
cw_psl_total_eval(이전 pseudo label 클래스별 총 샘플 수):  [0, 0, 0, 0, 0, 0, 0]
cw_psl_correct_eval(이전 pseudo label 클래스별 맞은 샘플 수):  [0, 0, 0, 0, 0, 0, 0]
psl_acc(PSL 평가에서의 정확도): None 
cw_psl_acc(이전 클래스별 PSL 평가에서의 정확도):  [nan, nan, nan, nan, nan, nan, nan]
train batch instace수가 7안됨 pass
tensor([[0.2117, 0.1628, 0.1174, 0.1216, 0.1103, 0.1352, 0.1410],
        [0.1889, 0.1555, 0.1132, 0.1325, 0.1150, 0.1418, 0.1532],
        [0.2018, 0.1450, 0.1398, 0.0863, 0.1187, 0.1460, 0.1624],
        [0.1909, 0.1650, 0.1165, 0.1325, 0.1058, 0.1474, 0.1419],
        [0.1968, 0.1484, 0.1418, 0.0927, 0.1202, 0.1410, 0.1590],
        [0.1931, 0.1648, 0.1200, 0.1187, 0.1076, 0.1386, 0.1571],
        [0.1984, 0.1367, 0.1583, 0.0920, 0.1259, 0.1372, 0.1516]],
       device='cuda:0')

line 303 => train data수 71
line 258 => 인스턴스 수 11
=======test_loader=======
=======dev_loader=======
=======train_labeled_loader=======
=======finish=======
>>Epoch 7 Step 62 acc_test 0.134228 f1_test 0.033812 acc_val 0.098139 f1_val 0.035747 acc_train 0.140845 f1_train 0.035273 psl_cor 0 psl_totl 0 pslt_global 0.900000  Tim 0:06:30
acc_train_cw(현재 train의 class별 acc) [1.0, 0.0, 0.0, 0.0, 0.0, 0.0, 0.0]
cw_psl_total_eval(이전 pseudo label 클래스별 총 샘플 수):  [0, 0, 0, 0, 0, 0, 0]
cw_psl_correct_eval(이전 pseudo label 클래스별 맞은 샘플 수):  [0, 0, 0, 0, 0, 0, 0]
psl_acc(PSL 평가에서의 정확도): None 
cw_psl_acc(이전 클래스별 PSL 평가에서의 정확도):  [nan, nan, nan, nan, nan, nan, nan]
train batch instace수가 7안됨 pass
tensor([[0.1143, 0.1764, 0.1204, 0.1458, 0.1799, 0.1807, 0.0825],
        [0.1092, 0.1650, 0.1147, 0.1489, 0.1976, 0.1843, 0.0804],
        [0.1126, 0.1820, 0.1202, 0.1520, 0.1777, 0.1737, 0.0817],
        [0.1078, 0.1748, 0.1253, 0.1552, 0.1749, 0.1811, 0.0809],
        [0.1233, 0.1756, 0.1206, 0.1580, 0.1729, 0.1691, 0.0804],
        [0.1127, 0.1724, 0.1218, 0.1544, 0.1717, 0.1819, 0.0850],
        [0.1050, 0.1822, 0.1345, 0.1381, 0.1947, 0.1608, 0.0847]],
       device='cuda:0')

line 303 => train data수 71
line 258 => 인스턴스 수 11
=======test_loader=======
=======dev_loader=======
=======train_labeled_loader=======
=======finish=======
>>Epoch 8 Step 73 acc_test 0.366890 f1_test 0.076689 acc_val 0.000000 f1_val 0.000000 acc_train 0.140845 f1_train 0.035273 psl_cor 0 psl_totl 0 pslt_global 0.900000  Tim 0:07:35
acc_train_cw(현재 train의 class별 acc) [0.0, 0.0, 0.0, 0.0, 0.0, 1.0, 0.0]
cw_psl_total_eval(이전 pseudo label 클래스별 총 샘플 수):  [0, 0, 0, 0, 0, 0, 0]
cw_psl_correct_eval(이전 pseudo label 클래스별 맞은 샘플 수):  [0, 0, 0, 0, 0, 0, 0]
psl_acc(PSL 평가에서의 정확도): None 
cw_psl_acc(이전 클래스별 PSL 평가에서의 정확도):  [nan, nan, nan, nan, nan, nan, nan]
train batch instace수가 7안됨 pass
tensor([[0.0973, 0.1689, 0.1398, 0.1891, 0.1277, 0.1486, 0.1286],
        [0.0950, 0.1608, 0.1306, 0.1969, 0.1318, 0.1477, 0.1373],
        [0.0850, 0.1551, 0.1423, 0.2080, 0.1362, 0.1405, 0.1329],
        [0.0841, 0.1423, 0.1395, 0.2036, 0.1329, 0.1559, 0.1417],
        [0.0872, 0.1533, 0.1292, 0.2114, 0.1274, 0.1487, 0.1427],
        [0.0834, 0.1601, 0.1451, 0.2051, 0.1262, 0.1471, 0.1330],
        [0.0607, 0.0857, 0.2034, 0.1520, 0.0869, 0.1602, 0.2511]],
       device='cuda:0')

line 303 => train data수 71
line 258 => 인스턴스 수 11
=======test_loader=======
=======dev_loader=======
=======train_labeled_loader=======
=======finish=======
>>Epoch 9 Step 84 acc_test 0.042506 f1_test 0.011649 acc_val 0.206430 f1_val 0.068443 acc_train 0.154930 f1_train 0.038328 psl_cor 0 psl_totl 0 pslt_global 0.900000  Tim 0:08:38
acc_train_cw(현재 train의 class별 acc) [0.0, 0.0, 0.0, 1.0, 0.0, 0.0, 0.0]
cw_psl_total_eval(이전 pseudo label 클래스별 총 샘플 수):  [0, 0, 0, 0, 0, 0, 0]
cw_psl_correct_eval(이전 pseudo label 클래스별 맞은 샘플 수):  [0, 0, 0, 0, 0, 0, 0]
psl_acc(PSL 평가에서의 정확도): None 
cw_psl_acc(이전 클래스별 PSL 평가에서의 정확도):  [nan, nan, nan, nan, nan, nan, nan]
train batch instace수가 7안됨 pass
tensor([[0.1437, 0.1185, 0.1295, 0.1706, 0.1379, 0.1510, 0.1489],
        [0.1820, 0.1113, 0.1508, 0.1087, 0.1526, 0.1416, 0.1531],
        [0.1397, 0.1023, 0.1395, 0.1721, 0.1450, 0.1494, 0.1520],
        [0.1385, 0.1064, 0.1360, 0.1693, 0.1512, 0.1471, 0.1515],
        [0.1539, 0.1026, 0.1306, 0.1743, 0.1494, 0.1375, 0.1518],
        [0.1446, 0.1105, 0.1422, 0.1604, 0.1388, 0.1499, 0.1536],
        [0.1465, 0.1031, 0.1313, 0.1794, 0.1538, 0.1367, 0.1491]],
       device='cuda:0')

line 303 => train data수 71
line 258 => 인스턴스 수 11
=======test_loader=======
=======dev_loader=======
=======train_labeled_loader=======
=======finish=======
>>Epoch 10 Step 95 acc_test 0.042506 f1_test 0.011649 acc_val 0.206430 f1_val 0.068443 acc_train 0.154930 f1_train 0.038328 psl_cor 0 psl_totl 0 pslt_global 0.900000  Tim 0:09:32
acc_train_cw(현재 train의 class별 acc) [0.0, 0.0, 0.0, 1.0, 0.0, 0.0, 0.0]
cw_psl_total_eval(이전 pseudo label 클래스별 총 샘플 수):  [0, 0, 0, 0, 0, 0, 0]
cw_psl_correct_eval(이전 pseudo label 클래스별 맞은 샘플 수):  [0, 0, 0, 0, 0, 0, 0]
psl_acc(PSL 평가에서의 정확도): None 
cw_psl_acc(이전 클래스별 PSL 평가에서의 정확도):  [nan, nan, nan, nan, nan, nan, nan]
train batch instace수가 7안됨 pass
tensor([[0.1428, 0.1171, 0.1393, 0.1453, 0.1395, 0.1862, 0.1298],
        [0.1408, 0.1103, 0.1288, 0.1481, 0.1535, 0.1912, 0.1274],
        [0.1337, 0.1216, 0.1323, 0.1461, 0.1337, 0.1948, 0.1380],
        [0.1302, 0.1199, 0.1463, 0.1421, 0.1429, 0.1847, 0.1339],
        [0.1518, 0.1111, 0.1431, 0.1383, 0.1404, 0.1772, 0.1380],
        [0.1270, 0.1160, 0.1447, 0.1396, 0.1367, 0.1988, 0.1372],
        [0.1850, 0.1127, 0.1444, 0.1106, 0.1416, 0.1667, 0.1391]],
       device='cuda:0')

line 303 => train data수 71
line 258 => 인스턴스 수 11
=======test_loader=======
=======dev_loader=======
=======train_labeled_loader=======
=======finish=======
>>Epoch 11 Step 106 acc_test 0.366890 f1_test 0.076689 acc_val 0.000000 f1_val 0.000000 acc_train 0.140845 f1_train 0.035273 psl_cor 0 psl_totl 0 pslt_global 0.900000  Tim 0:10:39
acc_train_cw(현재 train의 class별 acc) [0.0, 0.0, 0.0, 0.0, 0.0, 1.0, 0.0]
cw_psl_total_eval(이전 pseudo label 클래스별 총 샘플 수):  [0, 0, 0, 0, 0, 0, 0]
cw_psl_correct_eval(이전 pseudo label 클래스별 맞은 샘플 수):  [0, 0, 0, 0, 0, 0, 0]
psl_acc(PSL 평가에서의 정확도): None 
cw_psl_acc(이전 클래스별 PSL 평가에서의 정확도):  [nan, nan, nan, nan, nan, nan, nan]
train batch instace수가 7안됨 pass
tensor([[0.1075, 0.1227, 0.1782, 0.1559, 0.0867, 0.1333, 0.2157],
        [0.1355, 0.1242, 0.1602, 0.1537, 0.0856, 0.1309, 0.2098],
        [0.0751, 0.1007, 0.2280, 0.1172, 0.0437, 0.1460, 0.2893],
        [0.1296, 0.1322, 0.1606, 0.1468, 0.0997, 0.1308, 0.2003],
        [0.1187, 0.1443, 0.1565, 0.1478, 0.0942, 0.1421, 0.1963],
        [0.1102, 0.1225, 0.1731, 0.1423, 0.0859, 0.1388, 0.2272],
        [0.1232, 0.1270, 0.1588, 0.1504, 0.0876, 0.1329, 0.2202]],
       device='cuda:0')

line 303 => train data수 75
line 258 => 인스턴스 수 11
=======test_loader=======
=======dev_loader=======
=======train_labeled_loader=======
=======finish=======
>>Epoch 12 Step 117 acc_test 0.013423 f1_test 0.003784 acc_val 0.000000 f1_val 0.000000 acc_train 0.133333 f1_train 0.033613 psl_cor 0 psl_totl 4 pslt_global 0.900000  Tim 0:11:32
acc_train_cw(현재 train의 class별 acc) [0.0, 0.0, 0.0, 0.0, 0.0, 0.0, 1.0]
cw_psl_total_eval(이전 pseudo label 클래스별 총 샘플 수):  [0, 0, 0, 0, 4, 0, 0]
cw_psl_correct_eval(이전 pseudo label 클래스별 맞은 샘플 수):  [0, 0, 0, 0, 0, 0, 0]
psl_acc(이전 PSL 평가에서의 정확도):  0.0 
cw_psl_acc(이전 클래스별 PSL 평가에서의 정확도):  [nan, nan, nan, nan, 0.0, nan, nan]
train batch instace수가 7안됨 pass
tensor([[0.0575, 0.1921, 0.2370, 0.1490, 0.1961, 0.1222, 0.0460],
        [0.1220, 0.1462, 0.1753, 0.1555, 0.1801, 0.1308, 0.0901],
        [0.1143, 0.1627, 0.1571, 0.1550, 0.1871, 0.1329, 0.0908],
        [0.1125, 0.1613, 0.1600, 0.1540, 0.1892, 0.1321, 0.0909],
        [0.1075, 0.1516, 0.1711, 0.1572, 0.1809, 0.1365, 0.0952],
        [0.1211, 0.1497, 0.1698, 0.1552, 0.1762, 0.1296, 0.0984],
        [0.1203, 0.1612, 0.1716, 0.1476, 0.1684, 0.1357, 0.0952]],
       device='cuda:0')

line 303 => train data수 75
line 258 => 인스턴스 수 11
=======test_loader=======
=======dev_loader=======
=======train_labeled_loader=======
=======finish=======
>>Epoch 13 Step 128 acc_test 0.228188 f1_test 0.053084 acc_val 0.284264 f1_val 0.088538 acc_train 0.186667 f1_train 0.044944 psl_cor 0 psl_totl 0 pslt_global 0.900000  Tim 0:12:35
acc_train_cw(현재 train의 class별 acc) [0.0, 0.0, 0.0, 0.0, 1.0, 0.0, 0.0]
cw_psl_total_eval(이전 pseudo label 클래스별 총 샘플 수):  [0, 0, 0, 0, 0, 0, 0]
cw_psl_correct_eval(이전 pseudo label 클래스별 맞은 샘플 수):  [0, 0, 0, 0, 0, 0, 0]
psl_acc(PSL 평가에서의 정확도): None 
cw_psl_acc(이전 클래스별 PSL 평가에서의 정확도):  [nan, nan, nan, nan, nan, nan, nan]
Save model to ./experiment/few_shot/output/
train batch instace수가 7안됨 pass
tensor([[0.1666, 0.1619, 0.1005, 0.1507, 0.1543, 0.1147, 0.1513],
        [0.1269, 0.1880, 0.1266, 0.1887, 0.1452, 0.0855, 0.1392],
        [0.1710, 0.1549, 0.1074, 0.1493, 0.1555, 0.1215, 0.1406],
        [0.1829, 0.1632, 0.0971, 0.1446, 0.1494, 0.1120, 0.1507],
        [0.1829, 0.1578, 0.1095, 0.1344, 0.1620, 0.1084, 0.1450],
        [0.1751, 0.1575, 0.1021, 0.1514, 0.1639, 0.1093, 0.1407],
        [0.1321, 0.1624, 0.1466, 0.1916, 0.1412, 0.1026, 0.1237]],
       device='cuda:0')

line 303 => train data수 75
line 258 => 인스턴스 수 11
=======test_loader=======
=======dev_loader=======
=======train_labeled_loader=======
=======finish=======
>>Epoch 14 Step 139 acc_test 0.134228 f1_test 0.033812 acc_val 0.098139 f1_val 0.035747 acc_train 0.133333 f1_train 0.033613 psl_cor 0 psl_totl 0 pslt_global 0.900000  Tim 0:13:44
acc_train_cw(현재 train의 class별 acc) [1.0, 0.0, 0.0, 0.0, 0.0, 0.0, 0.0]
cw_psl_total_eval(이전 pseudo label 클래스별 총 샘플 수):  [0, 0, 0, 0, 0, 0, 0]
cw_psl_correct_eval(이전 pseudo label 클래스별 맞은 샘플 수):  [0, 0, 0, 0, 0, 0, 0]
psl_acc(PSL 평가에서의 정확도): None 
cw_psl_acc(이전 클래스별 PSL 평가에서의 정확도):  [nan, nan, nan, nan, nan, nan, nan]
train batch instace수가 7안됨 pass
tensor([[0.0881, 0.0922, 0.2012, 0.1217, 0.1576, 0.2036, 0.1357],
        [0.1316, 0.1150, 0.1545, 0.1446, 0.1624, 0.1513, 0.1405],
        [0.1350, 0.0962, 0.1619, 0.1437, 0.1626, 0.1580, 0.1426],
        [0.1231, 0.1066, 0.1661, 0.1509, 0.1582, 0.1624, 0.1328],
        [0.1465, 0.0947, 0.1625, 0.1382, 0.1581, 0.1597, 0.1403],
        [0.1214, 0.1161, 0.1539, 0.1514, 0.1535, 0.1596, 0.1442],
        [0.1181, 0.1106, 0.1557, 0.1450, 0.1591, 0.1778, 0.1336]],
       device='cuda:0')

line 303 => train data수 75
line 258 => 인스턴스 수 11
=======test_loader=======
=======dev_loader=======
=======train_labeled_loader=======
=======finish=======
>>Epoch 15 Step 150 acc_test 0.154362 f1_test 0.038206 acc_val 0.211506 f1_val 0.069832 acc_train 0.133333 f1_train 0.033613 psl_cor 0 psl_totl 0 pslt_global 0.900000  Tim 0:14:39
acc_train_cw(현재 train의 class별 acc) [0.0, 0.0, 1.0, 0.0, 0.0, 0.0, 0.0]
cw_psl_total_eval(이전 pseudo label 클래스별 총 샘플 수):  [0, 0, 0, 0, 0, 0, 0]
cw_psl_correct_eval(이전 pseudo label 클래스별 맞은 샘플 수):  [0, 0, 0, 0, 0, 0, 0]
psl_acc(PSL 평가에서의 정확도): None 
cw_psl_acc(이전 클래스별 PSL 평가에서의 정확도):  [nan, nan, nan, nan, nan, nan, nan]
train batch instace수가 7안됨 pass
tensor([[0.1430, 0.1010, 0.1466, 0.1729, 0.2136, 0.1016, 0.1213],
        [0.1315, 0.1099, 0.1431, 0.1803, 0.2056, 0.1060, 0.1236],
        [0.1429, 0.1029, 0.1471, 0.1716, 0.2007, 0.1132, 0.1216],
        [0.1393, 0.1017, 0.1418, 0.1732, 0.2087, 0.1142, 0.1210],
        [0.1399, 0.1006, 0.1479, 0.1740, 0.2173, 0.1025, 0.1178],
        [0.1343, 0.1025, 0.1434, 0.1812, 0.2107, 0.1119, 0.1160],
        [0.1294, 0.1001, 0.1470, 0.1851, 0.2229, 0.1056, 0.1098]],
       device='cuda:0')

line 303 => train data수 151
line 258 => 인스턴스 수 22
=======test_loader=======
=======dev_loader=======
=======train_labeled_loader=======
=======finish=======
>>Epoch 16 Step 161 acc_test 0.228188 f1_test 0.053084 acc_val 0.284264 f1_val 0.088538 acc_train 0.092715 f1_train 0.024242 psl_cor 10 psl_totl 76 pslt_global 0.900000  Tim 0:15:47
acc_train_cw(현재 train의 class별 acc) [0.0, 0.0, 0.0, 0.0, 1.0, 0.0, 0.0]
cw_psl_total_eval(이전 pseudo label 클래스별 총 샘플 수):  [0, 76, 0, 0, 0, 0, 0]
cw_psl_correct_eval(이전 pseudo label 클래스별 맞은 샘플 수):  [0, 10, 0, 0, 0, 0, 0]
psl_acc(이전 PSL 평가에서의 정확도):  0.132 
cw_psl_acc(이전 클래스별 PSL 평가에서의 정확도):  [nan, 0.1315789520740509, nan, nan, nan, nan, nan]
train batch instace수가 7안됨 pass
tensor([[0.0797, 0.3855, 0.0561, 0.1034, 0.1669, 0.1195, 0.0888],
        [0.0847, 0.4040, 0.0603, 0.0921, 0.1592, 0.1140, 0.0856],
        [0.0829, 0.4075, 0.0553, 0.0959, 0.1726, 0.1066, 0.0793],
        [0.0895, 0.3663, 0.0591, 0.0997, 0.1794, 0.1092, 0.0968],
        [0.1312, 0.1969, 0.0659, 0.1222, 0.2286, 0.1455, 0.1096],
        [0.0810, 0.3771, 0.0524, 0.0989, 0.1845, 0.1225, 0.0835],
        [0.0904, 0.3869, 0.0586, 0.0939, 0.1733, 0.0996, 0.0973]],
       device='cuda:0')

line 303 => train data수 151
line 258 => 인스턴스 수 22
=======test_loader=======
=======dev_loader=======
=======train_labeled_loader=======
=======finish=======
>>Epoch 17 Step 183 acc_test 0.060403 f1_test 0.016275 acc_val 0.199662 f1_val 0.066573 acc_train 0.569536 f1_train 0.103677 psl_cor 0 psl_totl 0 pslt_global 0.900000  Tim 0:16:42
acc_train_cw(현재 train의 class별 acc) [0.0, 1.0, 0.0, 0.0, 0.0, 0.0, 0.0]
cw_psl_total_eval(이전 pseudo label 클래스별 총 샘플 수):  [0, 0, 0, 0, 0, 0, 0]
cw_psl_correct_eval(이전 pseudo label 클래스별 맞은 샘플 수):  [0, 0, 0, 0, 0, 0, 0]
psl_acc(PSL 평가에서의 정확도): None 
cw_psl_acc(이전 클래스별 PSL 평가에서의 정확도):  [nan, nan, nan, nan, nan, nan, nan]
train batch instace수가 7안됨 pass
tensor([[0.0397, 0.6366, 0.0784, 0.0669, 0.1059, 0.0390, 0.0335],
        [0.0520, 0.5132, 0.0556, 0.1973, 0.0934, 0.0440, 0.0445],
        [0.0383, 0.6247, 0.0734, 0.0714, 0.1095, 0.0436, 0.0392],
        [0.0422, 0.6380, 0.0722, 0.0712, 0.0993, 0.0410, 0.0362],
        [0.0397, 0.6176, 0.0792, 0.0774, 0.1042, 0.0432, 0.0386],
        [0.0609, 0.5252, 0.0842, 0.0921, 0.1282, 0.0580, 0.0515],
        [0.0386, 0.6219, 0.0696, 0.0767, 0.0987, 0.0508, 0.0438]],
       device='cuda:0')

line 303 => train data수 169
line 258 => 인스턴스 수 25
=======test_loader=======
=======dev_loader=======
=======train_labeled_loader=======
=======finish=======
>>Epoch 18 Step 205 acc_test 0.060403 f1_test 0.016275 acc_val 0.199662 f1_val 0.066573 acc_train 0.615385 f1_train 0.108844 psl_cor 7 psl_totl 18 pslt_global 0.900000  Tim 0:17:49
acc_train_cw(현재 train의 class별 acc) [0.0, 1.0, 0.0, 0.0, 0.0, 0.0, 0.0]
cw_psl_total_eval(이전 pseudo label 클래스별 총 샘플 수):  [0, 18, 0, 0, 0, 0, 0]
cw_psl_correct_eval(이전 pseudo label 클래스별 맞은 샘플 수):  [0, 7, 0, 0, 0, 0, 0]
psl_acc(이전 PSL 평가에서의 정확도):  0.389 
cw_psl_acc(이전 클래스별 PSL 평가에서의 정확도):  [nan, 0.3888888955116272, nan, nan, nan, nan, nan]
train batch instace수가 7안됨 pass
