current work directory:  /home/imsuhan22/few-shot-tc/JointMatch_SSL/codebert/code
python_extended_data
save_name: 5_codebert-base_1e-05_0.7_20_python_extended_data

data_path:  ../data/../data/problem_based_split/python_extended_data

There are 1 GPU(s) available.
We will use the GPU- 0 NVIDIA GeForce RTX 3090

**line 147 모델 =>  microsoft/codebert-base
**tokenizer type =  microsoft/codebert-base 

n_labeled_per_class:  5
train_df samples: 3974
train_labeled_df samples: 35
train_unlabeled_df samples: 3939
n_classes:  7 

net_arch:  microsoft/codebert-base lr:  1e-05

line 303 => train data수 35
line 258 => 인스턴스 수 5
=======test_loader=======
=======dev_loader=======
=======train_labeled_loader=======
=======finish=======
>>Epoch 1 Step 0 acc_test 0.122951 f1_test 0.031283 acc_val 0.228013 f1_val 0.053050 acc_train 0.142857 f1_train 0.035714 psl_cor 0 psl_totl 0 pslt_global 0.000000  Tim 0:00:21
acc_train_cw(train의 class별 acc) [0.0, 0.0, 1.0, 0.0, 0.0, 0.0, 0.0]
cw_psl_total_eval(pseudo label 클래스별 총 샘플 수):  [0, 0, 0, 0, 0, 0, 0]
cw_psl_correct_eval(pseudo label 클래스별 맞은 샘플 수):  [0, 0, 0, 0, 0, 0, 0]
psl_acc(PSL 평가에서의 정확도): None 
cw_psl_acc(클래스별 PSL 평가에서의 정확도):  [nan, nan, nan, nan, nan, nan, nan]
Save model to ./experiment/few_shot/output/
tensor([[0.1200, 0.1313, 0.1709, 0.1626, 0.1075, 0.1039, 0.2038],
        [0.1169, 0.1240, 0.1701, 0.1724, 0.1245, 0.1270, 0.1650],
        [0.1124, 0.1234, 0.2071, 0.1775, 0.0958, 0.1214, 0.1624],
        [0.1732, 0.1371, 0.1245, 0.1319, 0.1700, 0.1051, 0.1583],
        [0.1632, 0.1023, 0.1997, 0.1439, 0.1199, 0.1096, 0.1613],
        [0.1632, 0.1187, 0.1859, 0.1350, 0.1154, 0.0990, 0.1829],
        [0.1268, 0.1241, 0.2126, 0.1623, 0.1223, 0.0955, 0.1564]],
       device='cuda:0')
tensor([[0.1236, 0.1088, 0.1853, 0.1728, 0.1184, 0.1173, 0.1738],
        [0.1464, 0.1117, 0.2045, 0.1525, 0.1404, 0.1019, 0.1426],
        [0.1378, 0.1174, 0.2025, 0.1396, 0.1194, 0.1118, 0.1714],
        [0.1512, 0.1568, 0.1832, 0.1417, 0.1205, 0.1028, 0.1438],
        [0.1358, 0.1293, 0.1955, 0.1655, 0.1259, 0.1000, 0.1480],
        [0.1610, 0.1327, 0.1786, 0.1521, 0.1247, 0.1073, 0.1436],
        [0.1379, 0.1088, 0.1715, 0.1669, 0.1204, 0.1058, 0.1885]],
       device='cuda:0')
tensor([[0.1604, 0.1351, 0.1631, 0.1574, 0.1077, 0.0855, 0.1907],
        [0.1653, 0.1078, 0.1884, 0.1611, 0.1157, 0.0868, 0.1748],
        [0.1549, 0.1419, 0.1896, 0.1510, 0.0986, 0.1078, 0.1563],
        [0.1394, 0.1045, 0.2223, 0.1464, 0.1033, 0.1026, 0.1815],
        [0.1518, 0.1582, 0.1459, 0.1560, 0.1450, 0.0935, 0.1497],
        [0.1434, 0.1247, 0.2037, 0.1336, 0.1142, 0.1023, 0.1781],
        [0.1523, 0.1358, 0.2151, 0.1367, 0.0990, 0.1056, 0.1555]],
       device='cuda:0')

line 303 => train data수 35
line 258 => 인스턴스 수 5
=======test_loader=======
=======dev_loader=======
=======train_labeled_loader=======
=======finish=======
>>Epoch 2 Step 5 acc_test 0.122951 f1_test 0.031283 acc_val 0.228013 f1_val 0.053050 acc_train 0.142857 f1_train 0.035714 psl_cor 0 psl_totl 0 pslt_global 0.700000  Tim 0:01:23
acc_train_cw(train의 class별 acc) [0.0, 0.0, 1.0, 0.0, 0.0, 0.0, 0.0]
cw_psl_total_eval(pseudo label 클래스별 총 샘플 수):  [0, 0, 0, 0, 0, 0, 0]
cw_psl_correct_eval(pseudo label 클래스별 맞은 샘플 수):  [0, 0, 0, 0, 0, 0, 0]
psl_acc(PSL 평가에서의 정확도): None 
cw_psl_acc(클래스별 PSL 평가에서의 정확도):  [nan, nan, nan, nan, nan, nan, nan]
tensor([[0.1587, 0.1343, 0.1826, 0.1217, 0.1402, 0.1052, 0.1573],
        [0.1392, 0.1103, 0.1976, 0.1299, 0.1450, 0.1188, 0.1592],
        [0.1318, 0.1311, 0.1902, 0.1481, 0.1009, 0.1171, 0.1806],
        [0.1317, 0.1260, 0.1871, 0.1640, 0.1018, 0.0969, 0.1924],
        [0.1479, 0.1182, 0.1764, 0.1507, 0.1068, 0.1401, 0.1600],
        [0.1289, 0.1172, 0.1848, 0.1301, 0.1208, 0.1167, 0.2014],
        [0.1490, 0.1172, 0.2154, 0.1355, 0.1160, 0.1133, 0.1536]],
       device='cuda:0')
tensor([[0.1310, 0.1184, 0.1599, 0.1522, 0.1752, 0.1363, 0.1269],
        [0.1488, 0.1264, 0.1661, 0.1581, 0.1462, 0.0963, 0.1581],
        [0.1479, 0.1503, 0.1544, 0.1418, 0.1328, 0.1151, 0.1579],
        [0.1786, 0.1363, 0.1485, 0.1345, 0.1329, 0.1227, 0.1464],
        [0.1307, 0.1600, 0.1425, 0.1571, 0.1568, 0.0939, 0.1590],
        [0.1646, 0.1128, 0.1828, 0.1390, 0.1222, 0.1039, 0.1747],
        [0.1471, 0.1333, 0.1535, 0.1720, 0.1237, 0.1223, 0.1481]],
       device='cuda:0')
tensor([[0.1544, 0.1229, 0.1820, 0.1473, 0.1094, 0.1217, 0.1624],
        [0.1279, 0.1378, 0.1794, 0.1725, 0.1479, 0.0800, 0.1545],
        [0.1310, 0.1217, 0.1913, 0.1612, 0.1148, 0.1157, 0.1643],
        [0.1411, 0.1210, 0.1856, 0.1329, 0.1351, 0.1011, 0.1832],
        [0.1382, 0.1113, 0.2264, 0.1466, 0.1361, 0.1007, 0.1407],
        [0.1454, 0.1259, 0.1990, 0.1249, 0.1397, 0.0949, 0.1700],
        [0.1337, 0.1049, 0.1896, 0.1536, 0.1252, 0.1048, 0.1882]],
       device='cuda:0')

line 303 => train data수 35
line 258 => 인스턴스 수 5
=======test_loader=======
=======dev_loader=======
=======train_labeled_loader=======
=======finish=======
>>Epoch 3 Step 10 acc_test 0.122951 f1_test 0.031283 acc_val 0.228013 f1_val 0.053050 acc_train 0.142857 f1_train 0.035714 psl_cor 0 psl_totl 0 pslt_global 0.700000  Tim 0:02:26
acc_train_cw(train의 class별 acc) [0.0, 0.0, 1.0, 0.0, 0.0, 0.0, 0.0]
cw_psl_total_eval(pseudo label 클래스별 총 샘플 수):  [0, 0, 0, 0, 0, 0, 0]
cw_psl_correct_eval(pseudo label 클래스별 맞은 샘플 수):  [0, 0, 0, 0, 0, 0, 0]
psl_acc(PSL 평가에서의 정확도): None 
cw_psl_acc(클래스별 PSL 평가에서의 정확도):  [nan, nan, nan, nan, nan, nan, nan]
tensor([[0.1373, 0.1159, 0.1592, 0.1706, 0.1337, 0.1074, 0.1760],
        [0.1362, 0.1164, 0.1925, 0.1578, 0.1291, 0.1012, 0.1669],
        [0.1356, 0.1324, 0.2007, 0.1407, 0.1343, 0.1173, 0.1390],
        [0.1288, 0.1203, 0.1629, 0.1719, 0.1234, 0.1347, 0.1581],
        [0.1436, 0.1268, 0.1703, 0.1493, 0.1161, 0.1186, 0.1753],
        [0.1277, 0.1288, 0.1922, 0.1437, 0.1207, 0.1311, 0.1558],
        [0.1704, 0.1540, 0.1174, 0.1496, 0.1430, 0.1105, 0.1551]],
       device='cuda:0')
tensor([[0.1559, 0.1263, 0.1717, 0.1552, 0.1301, 0.1089, 0.1519],
        [0.1607, 0.1310, 0.1411, 0.1208, 0.1747, 0.1202, 0.1517],
        [0.1519, 0.1189, 0.1960, 0.1455, 0.1383, 0.1086, 0.1409],
        [0.1347, 0.1367, 0.1866, 0.1424, 0.1311, 0.1186, 0.1499],
        [0.1643, 0.1096, 0.1895, 0.1354, 0.1279, 0.1130, 0.1603],
        [0.1789, 0.1280, 0.1295, 0.1526, 0.1286, 0.1192, 0.1632],
        [0.1347, 0.1465, 0.1585, 0.1406, 0.1480, 0.1035, 0.1682]],
       device='cuda:0')
tensor([[0.1596, 0.1109, 0.1725, 0.1751, 0.1248, 0.1134, 0.1438],
        [0.1464, 0.1071, 0.1974, 0.1538, 0.1114, 0.1161, 0.1678],
        [0.1219, 0.1357, 0.1759, 0.1381, 0.1450, 0.1105, 0.1730],
        [0.1825, 0.1276, 0.1404, 0.1462, 0.1387, 0.1061, 0.1586],
        [0.1310, 0.1202, 0.1721, 0.1523, 0.1313, 0.1239, 0.1691],
        [0.1535, 0.1259, 0.1557, 0.1417, 0.1361, 0.1191, 0.1681],
        [0.1493, 0.1117, 0.1715, 0.1551, 0.1097, 0.1388, 0.1639]],
       device='cuda:0')

line 303 => train data수 35
line 258 => 인스턴스 수 5
=======test_loader=======
=======dev_loader=======
=======train_labeled_loader=======
=======finish=======
>>Epoch 4 Step 15 acc_test 0.114754 f1_test 0.036658 acc_val 0.231270 f1_val 0.083314 acc_train 0.228571 f1_train 0.134921 psl_cor 0 psl_totl 0 pslt_global 0.700000  Tim 0:03:31
acc_train_cw(train의 class별 acc) [0.0, 0.0, 1.0, 0.0, 0.0, 0.0, 0.6]
cw_psl_total_eval(pseudo label 클래스별 총 샘플 수):  [0, 0, 0, 0, 0, 0, 0]
cw_psl_correct_eval(pseudo label 클래스별 맞은 샘플 수):  [0, 0, 0, 0, 0, 0, 0]
psl_acc(PSL 평가에서의 정확도): None 
cw_psl_acc(클래스별 PSL 평가에서의 정확도):  [nan, nan, nan, nan, nan, nan, nan]
Save model to ./experiment/few_shot/output/
tensor([[0.1660, 0.1459, 0.1656, 0.1501, 0.1078, 0.1212, 0.1432],
        [0.1490, 0.1426, 0.1254, 0.1794, 0.1699, 0.1016, 0.1321],
        [0.1485, 0.1290, 0.1643, 0.1618, 0.1373, 0.1252, 0.1339],
        [0.1614, 0.1266, 0.1573, 0.1256, 0.1215, 0.1216, 0.1858],
        [0.1496, 0.1273, 0.1583, 0.1391, 0.1177, 0.1244, 0.1836],
        [0.1246, 0.1408, 0.1457, 0.1441, 0.1634, 0.1343, 0.1472],
        [0.1260, 0.1429, 0.1273, 0.1481, 0.1398, 0.1482, 0.1676]],
       device='cuda:0')
tensor([[0.1351, 0.1088, 0.2087, 0.1606, 0.1233, 0.1128, 0.1507],
        [0.1605, 0.1494, 0.1143, 0.1449, 0.1539, 0.1086, 0.1683],
        [0.1306, 0.1441, 0.1816, 0.1454, 0.1300, 0.1435, 0.1247],
        [0.1627, 0.1249, 0.1865, 0.1525, 0.1179, 0.1200, 0.1356],
        [0.1391, 0.1268, 0.1807, 0.1450, 0.1392, 0.1132, 0.1560],
        [0.1635, 0.1279, 0.1466, 0.1424, 0.1306, 0.1393, 0.1496],
        [0.1698, 0.1155, 0.1940, 0.1434, 0.1313, 0.1174, 0.1287]],
       device='cuda:0')
tensor([[0.1186, 0.1075, 0.2284, 0.1557, 0.1338, 0.1065, 0.1495],
        [0.1488, 0.1209, 0.1871, 0.1535, 0.1201, 0.1186, 0.1511],
        [0.1447, 0.1654, 0.1727, 0.1253, 0.1055, 0.1122, 0.1743],
        [0.1393, 0.1231, 0.1985, 0.1442, 0.1402, 0.0907, 0.1640],
        [0.1374, 0.1438, 0.1743, 0.1484, 0.1263, 0.1258, 0.1441],
        [0.1394, 0.1443, 0.1115, 0.1419, 0.1826, 0.1132, 0.1671],
        [0.1426, 0.1228, 0.1464, 0.1627, 0.1223, 0.1155, 0.1876]],
       device='cuda:0')

line 303 => train data수 35
line 258 => 인스턴스 수 5
=======test_loader=======
=======dev_loader=======
=======train_labeled_loader=======
=======finish=======
>>Epoch 5 Step 20 acc_test 0.110656 f1_test 0.035241 acc_val 0.218241 f1_val 0.082165 acc_train 0.228571 f1_train 0.126531 psl_cor 0 psl_totl 0 pslt_global 0.700000  Tim 0:04:41
acc_train_cw(train의 class별 acc) [0.0, 0.0, 1.0, 0.0, 0.0, 0.0, 0.6]
cw_psl_total_eval(pseudo label 클래스별 총 샘플 수):  [0, 0, 0, 0, 0, 0, 0]
cw_psl_correct_eval(pseudo label 클래스별 맞은 샘플 수):  [0, 0, 0, 0, 0, 0, 0]
psl_acc(PSL 평가에서의 정확도): None 
cw_psl_acc(클래스별 PSL 평가에서의 정확도):  [nan, nan, nan, nan, nan, nan, nan]
tensor([[0.1258, 0.1482, 0.1516, 0.1843, 0.1472, 0.1202, 0.1227],
        [0.1680, 0.1612, 0.1087, 0.1493, 0.1551, 0.1256, 0.1321],
        [0.1332, 0.1370, 0.1719, 0.1414, 0.1181, 0.1134, 0.1850],
        [0.1242, 0.1730, 0.1549, 0.1343, 0.1265, 0.1212, 0.1658],
        [0.1564, 0.1265, 0.1578, 0.1368, 0.1319, 0.1279, 0.1627],
        [0.1432, 0.1254, 0.1586, 0.1203, 0.1462, 0.1341, 0.1722],
        [0.1330, 0.1472, 0.1691, 0.1223, 0.1307, 0.1354, 0.1622]],
       device='cuda:0')
tensor([[0.1679, 0.1108, 0.1694, 0.1512, 0.1224, 0.1380, 0.1403],
        [0.1365, 0.1544, 0.1369, 0.1524, 0.1219, 0.1429, 0.1551],
        [0.1444, 0.1409, 0.1432, 0.1433, 0.1540, 0.1110, 0.1632],
        [0.1470, 0.1286, 0.1581, 0.1693, 0.1303, 0.1199, 0.1468],
        [0.1454, 0.1241, 0.1688, 0.1502, 0.1362, 0.1154, 0.1600],
        [0.1393, 0.1099, 0.1698, 0.1639, 0.1424, 0.1202, 0.1545],
        [0.1148, 0.1504, 0.1459, 0.1384, 0.1352, 0.1607, 0.1546]],
       device='cuda:0')
tensor([[0.1731, 0.1216, 0.1546, 0.1426, 0.1295, 0.1091, 0.1696],
        [0.1574, 0.1290, 0.1266, 0.1294, 0.1548, 0.1510, 0.1518],
        [0.1331, 0.1407, 0.1631, 0.1532, 0.1280, 0.1483, 0.1335],
        [0.1233, 0.1812, 0.1202, 0.1085, 0.1753, 0.1503, 0.1413],
        [0.1378, 0.1339, 0.1710, 0.1370, 0.1394, 0.1183, 0.1626],
        [0.1406, 0.1206, 0.1579, 0.1487, 0.1268, 0.1326, 0.1728],
        [0.1266, 0.1188, 0.1484, 0.1314, 0.1657, 0.1267, 0.1824]],
       device='cuda:0')

line 303 => train data수 35
line 258 => 인스턴스 수 5
=======test_loader=======
=======dev_loader=======
=======train_labeled_loader=======
=======finish=======
>>Epoch 6 Step 25 acc_test 0.094262 f1_test 0.045437 acc_val 0.224756 f1_val 0.095787 acc_train 0.257143 f1_train 0.120690 psl_cor 0 psl_totl 0 pslt_global 0.700000  Tim 0:05:45
acc_train_cw(train의 class별 acc) [0.0, 0.0, 1.0, 0.0, 0.0, 0.0, 0.8]
cw_psl_total_eval(pseudo label 클래스별 총 샘플 수):  [0, 0, 0, 0, 0, 0, 0]
cw_psl_correct_eval(pseudo label 클래스별 맞은 샘플 수):  [0, 0, 0, 0, 0, 0, 0]
psl_acc(PSL 평가에서의 정확도): None 
cw_psl_acc(클래스별 PSL 평가에서의 정확도):  [nan, nan, nan, nan, nan, nan, nan]
tensor([[0.1180, 0.1337, 0.1574, 0.1370, 0.1458, 0.1254, 0.1827],
        [0.1550, 0.1116, 0.1422, 0.1486, 0.1450, 0.1234, 0.1743],
        [0.1618, 0.1321, 0.1672, 0.1286, 0.1389, 0.1230, 0.1485],
        [0.1202, 0.1535, 0.1397, 0.1372, 0.1298, 0.1197, 0.2000],
        [0.1346, 0.1255, 0.1533, 0.1728, 0.1426, 0.1212, 0.1500],
        [0.1289, 0.1448, 0.1605, 0.1117, 0.1243, 0.1622, 0.1676],
        [0.1105, 0.1578, 0.0932, 0.1250, 0.1973, 0.1163, 0.1998]],
       device='cuda:0')
tensor([[0.1398, 0.1459, 0.1564, 0.1264, 0.1444, 0.1040, 0.1833],
        [0.1261, 0.1165, 0.1639, 0.1584, 0.1347, 0.1479, 0.1525],
        [0.1350, 0.1562, 0.1023, 0.1528, 0.1696, 0.1346, 0.1495],
        [0.1500, 0.1406, 0.1801, 0.1251, 0.1009, 0.1398, 0.1635],
        [0.1431, 0.1429, 0.1646, 0.1431, 0.1512, 0.1014, 0.1537],
        [0.1133, 0.1252, 0.1759, 0.1713, 0.1222, 0.1267, 0.1654],
        [0.1191, 0.1332, 0.1440, 0.1318, 0.1749, 0.1261, 0.1710]],
       device='cuda:0')
tensor([[0.1455, 0.1124, 0.1714, 0.1355, 0.1455, 0.1297, 0.1600],
        [0.1377, 0.1630, 0.1325, 0.1361, 0.1565, 0.1292, 0.1451],
        [0.1259, 0.1560, 0.1413, 0.1174, 0.1578, 0.1068, 0.1948],
        [0.1452, 0.1551, 0.1482, 0.1265, 0.1557, 0.1317, 0.1376],
        [0.1444, 0.1307, 0.1446, 0.1560, 0.1427, 0.1319, 0.1497],
        [0.1362, 0.1658, 0.1590, 0.1129, 0.1214, 0.1211, 0.1836],
        [0.1316, 0.1203, 0.1444, 0.1465, 0.1610, 0.1309, 0.1652]],
       device='cuda:0')

line 303 => train data수 35
line 258 => 인스턴스 수 5
=======test_loader=======
=======dev_loader=======
=======train_labeled_loader=======
=======finish=======
>>Epoch 7 Step 30 acc_test 0.053279 f1_test 0.030512 acc_val 0.159609 f1_val 0.063911 acc_train 0.285714 f1_train 0.173071 psl_cor 0 psl_totl 0 pslt_global 0.700000  Tim 0:06:50
acc_train_cw(train의 class별 acc) [0.0, 0.2, 0.8, 0.0, 0.0, 0.0, 1.0]
cw_psl_total_eval(pseudo label 클래스별 총 샘플 수):  [0, 0, 0, 0, 0, 0, 0]
cw_psl_correct_eval(pseudo label 클래스별 맞은 샘플 수):  [0, 0, 0, 0, 0, 0, 0]
psl_acc(PSL 평가에서의 정확도): None 
cw_psl_acc(클래스별 PSL 평가에서의 정확도):  [nan, nan, nan, nan, nan, nan, nan]
tensor([[0.1293, 0.1347, 0.1520, 0.1391, 0.1508, 0.1264, 0.1677],
        [0.1642, 0.1532, 0.1109, 0.1285, 0.1561, 0.1497, 0.1375],
        [0.1227, 0.1390, 0.1716, 0.1538, 0.1506, 0.1371, 0.1251],
        [0.1298, 0.2254, 0.1009, 0.1138, 0.1716, 0.1146, 0.1439],
        [0.1388, 0.1196, 0.1889, 0.1275, 0.1345, 0.1278, 0.1629],
        [0.1329, 0.1434, 0.1610, 0.1593, 0.1304, 0.1226, 0.1503],
        [0.0937, 0.1618, 0.1131, 0.1449, 0.1937, 0.1346, 0.1581]],
       device='cuda:0')
tensor([[0.1351, 0.1380, 0.1690, 0.1554, 0.1428, 0.1090, 0.1507],
        [0.1144, 0.1255, 0.1242, 0.1623, 0.1603, 0.1231, 0.1903],
        [0.1405, 0.1297, 0.1446, 0.1310, 0.1793, 0.1267, 0.1483],
        [0.1511, 0.1249, 0.1638, 0.1644, 0.1316, 0.1316, 0.1325],
        [0.1545, 0.1447, 0.1303, 0.1417, 0.1633, 0.1103, 0.1552],
        [0.1261, 0.1261, 0.1595, 0.1528, 0.1490, 0.1313, 0.1552],
        [0.1321, 0.1273, 0.1493, 0.1424, 0.1468, 0.1279, 0.1742]],
       device='cuda:0')
tensor([[0.1261, 0.1531, 0.1441, 0.1514, 0.1527, 0.1332, 0.1395],
        [0.1329, 0.2010, 0.0980, 0.1228, 0.1497, 0.1412, 0.1543],
        [0.1292, 0.1427, 0.1449, 0.1644, 0.1340, 0.1167, 0.1681],
        [0.1420, 0.1388, 0.1621, 0.1508, 0.1202, 0.1210, 0.1652],
        [0.1305, 0.1363, 0.1431, 0.1511, 0.1341, 0.1526, 0.1524],
        [0.1449, 0.1373, 0.1237, 0.1478, 0.1609, 0.1233, 0.1621],
        [0.1108, 0.1504, 0.1394, 0.1510, 0.1661, 0.1247, 0.1576]],
       device='cuda:0')

line 303 => train data수 35
line 258 => 인스턴스 수 5
=======test_loader=======
=======dev_loader=======
=======train_labeled_loader=======
=======finish=======
>>Epoch 8 Step 35 acc_test 0.043033 f1_test 0.029090 acc_val 0.185668 f1_val 0.100142 acc_train 0.400000 f1_train 0.282099 psl_cor 0 psl_totl 0 pslt_global 0.700000  Tim 0:07:55
acc_train_cw(train의 class별 acc) [0.0, 0.2, 0.8, 0.0, 0.8, 0.0, 1.0]
cw_psl_total_eval(pseudo label 클래스별 총 샘플 수):  [0, 0, 0, 0, 0, 0, 0]
cw_psl_correct_eval(pseudo label 클래스별 맞은 샘플 수):  [0, 0, 0, 0, 0, 0, 0]
psl_acc(PSL 평가에서의 정확도): None 
cw_psl_acc(클래스별 PSL 평가에서의 정확도):  [nan, nan, nan, nan, nan, nan, nan]
tensor([[0.1318, 0.1249, 0.1559, 0.1496, 0.1664, 0.1324, 0.1388],
        [0.1178, 0.1506, 0.0913, 0.1207, 0.2410, 0.1376, 0.1411],
        [0.1467, 0.1202, 0.1750, 0.1561, 0.1405, 0.1184, 0.1432],
        [0.1041, 0.1724, 0.1122, 0.1632, 0.1871, 0.1266, 0.1344],
        [0.1280, 0.1446, 0.1209, 0.1182, 0.1747, 0.1285, 0.1850],
        [0.1392, 0.1190, 0.1597, 0.1407, 0.1123, 0.1644, 0.1646],
        [0.1006, 0.1595, 0.0880, 0.1230, 0.2207, 0.1271, 0.1811]],
       device='cuda:0')
tensor([[0.1283, 0.1628, 0.1574, 0.1350, 0.1420, 0.1321, 0.1423],
        [0.1449, 0.1371, 0.1509, 0.1203, 0.1567, 0.1168, 0.1732],
        [0.1252, 0.1641, 0.1223, 0.1251, 0.1414, 0.1501, 0.1718],
        [0.1471, 0.1565, 0.1282, 0.1385, 0.1425, 0.1404, 0.1469],
        [0.1355, 0.1193, 0.1361, 0.1829, 0.1380, 0.1448, 0.1433],
        [0.1222, 0.1489, 0.1118, 0.1552, 0.1764, 0.1305, 0.1550],
        [0.1447, 0.1474, 0.1187, 0.1641, 0.1460, 0.1241, 0.1551]],
       device='cuda:0')
tensor([[0.1240, 0.1608, 0.1323, 0.1865, 0.2097, 0.1070, 0.0798],
        [0.1314, 0.1221, 0.1478, 0.1496, 0.1372, 0.1093, 0.2025],
        [0.1482, 0.1324, 0.1386, 0.1393, 0.1552, 0.1358, 0.1504],
        [0.1286, 0.1458, 0.1599, 0.1434, 0.1357, 0.1259, 0.1607],
        [0.1568, 0.1881, 0.1048, 0.1370, 0.1755, 0.1073, 0.1305],
        [0.1408, 0.1715, 0.1134, 0.1360, 0.1231, 0.1409, 0.1742],
        [0.1081, 0.1501, 0.1410, 0.1474, 0.1973, 0.1216, 0.1345]],
       device='cuda:0')

line 303 => train data수 35
line 258 => 인스턴스 수 5
=======test_loader=======
=======dev_loader=======
=======train_labeled_loader=======
=======finish=======
>>Epoch 9 Step 40 acc_test 0.034836 f1_test 0.031553 acc_val 0.205212 f1_val 0.108825 acc_train 0.457143 f1_train 0.391156 psl_cor 0 psl_totl 0 pslt_global 0.700000  Tim 0:09:02
acc_train_cw(train의 class별 acc) [0.0, 0.4, 0.4, 0.6, 0.8, 0.0, 1.0]
cw_psl_total_eval(pseudo label 클래스별 총 샘플 수):  [0, 0, 0, 0, 0, 0, 0]
cw_psl_correct_eval(pseudo label 클래스별 맞은 샘플 수):  [0, 0, 0, 0, 0, 0, 0]
psl_acc(PSL 평가에서의 정확도): None 
cw_psl_acc(클래스별 PSL 평가에서의 정확도):  [nan, nan, nan, nan, nan, nan, nan]
tensor([[0.1100, 0.1452, 0.1397, 0.1460, 0.1609, 0.1717, 0.1266],
        [0.1130, 0.1486, 0.1065, 0.1471, 0.1357, 0.1599, 0.1892],
        [0.1637, 0.1186, 0.1822, 0.1454, 0.1195, 0.1426, 0.1281],
        [0.1112, 0.1348, 0.1528, 0.1459, 0.1556, 0.1275, 0.1722],
        [0.1354, 0.1380, 0.1296, 0.1441, 0.1532, 0.1377, 0.1622],
        [0.1328, 0.1281, 0.1271, 0.1183, 0.1596, 0.1636, 0.1705],
        [0.0863, 0.1394, 0.0968, 0.1299, 0.2323, 0.1428, 0.1725]],
       device='cuda:0')
tensor([[0.1417, 0.1187, 0.1687, 0.1547, 0.1581, 0.1243, 0.1338],
        [0.1078, 0.1962, 0.0946, 0.1304, 0.1677, 0.1321, 0.1712],
        [0.1036, 0.1473, 0.1100, 0.1294, 0.1815, 0.1449, 0.1834],
        [0.1367, 0.1271, 0.1617, 0.1686, 0.1336, 0.1499, 0.1224],
        [0.1379, 0.1261, 0.1495, 0.1425, 0.1593, 0.1351, 0.1495],
        [0.1211, 0.1262, 0.1657, 0.1275, 0.1649, 0.1257, 0.1690],
        [0.1160, 0.1282, 0.1439, 0.1353, 0.1561, 0.1200, 0.2005]],
       device='cuda:0')
tensor([[0.1305, 0.1424, 0.1570, 0.1284, 0.1805, 0.1314, 0.1298],
        [0.1114, 0.1471, 0.1316, 0.1389, 0.1966, 0.1342, 0.1403],
        [0.1452, 0.1295, 0.1352, 0.1705, 0.1331, 0.1526, 0.1339],
        [0.1475, 0.1260, 0.1413, 0.1473, 0.1692, 0.1243, 0.1443],
        [0.1217, 0.1546, 0.1189, 0.1361, 0.1651, 0.1400, 0.1635],
        [0.1408, 0.1412, 0.1258, 0.1440, 0.1469, 0.1515, 0.1499],
        [0.1586, 0.1312, 0.1342, 0.1692, 0.1370, 0.1356, 0.1341]],
       device='cuda:0')

line 303 => train data수 35
line 258 => 인스턴스 수 5
=======test_loader=======
=======dev_loader=======
=======train_labeled_loader=======
=======finish=======
>>Epoch 10 Step 45 acc_test 0.026639 f1_test 0.022211 acc_val 0.188925 f1_val 0.101430 acc_train 0.485714 f1_train 0.430581 psl_cor 0 psl_totl 0 pslt_global 0.700000  Tim 0:10:09
acc_train_cw(train의 class별 acc) [0.0, 0.4, 0.6, 0.6, 1.0, 0.0, 0.8]
cw_psl_total_eval(pseudo label 클래스별 총 샘플 수):  [0, 0, 0, 0, 0, 0, 0]
cw_psl_correct_eval(pseudo label 클래스별 맞은 샘플 수):  [0, 0, 0, 0, 0, 0, 0]
psl_acc(PSL 평가에서의 정확도): None 
cw_psl_acc(클래스별 PSL 평가에서의 정확도):  [nan, nan, nan, nan, nan, nan, nan]
tensor([[0.0970, 0.1608, 0.1273, 0.1444, 0.1369, 0.1470, 0.1866],
        [0.0942, 0.1280, 0.1023, 0.1667, 0.2007, 0.1428, 0.1651],
        [0.1480, 0.1066, 0.2080, 0.1916, 0.1250, 0.1041, 0.1167],
        [0.1047, 0.1755, 0.1153, 0.1377, 0.1678, 0.1246, 0.1744],
        [0.1191, 0.1020, 0.1413, 0.1846, 0.1529, 0.1441, 0.1560],
        [0.1177, 0.1631, 0.1314, 0.1623, 0.1253, 0.1404, 0.1598],
        [0.0895, 0.1656, 0.0926, 0.1271, 0.1796, 0.1587, 0.1868]],
       device='cuda:0')
tensor([[0.1316, 0.1358, 0.1674, 0.1805, 0.1420, 0.1153, 0.1275],
        [0.1084, 0.1722, 0.0978, 0.1506, 0.1719, 0.1207, 0.1783],
        [0.1119, 0.2054, 0.0642, 0.0921, 0.1995, 0.1383, 0.1885],
        [0.1326, 0.1655, 0.1075, 0.1581, 0.2166, 0.1137, 0.1060],
        [0.1190, 0.1304, 0.1141, 0.1669, 0.1990, 0.1241, 0.1466],
        [0.1131, 0.1403, 0.1008, 0.1321, 0.1740, 0.1438, 0.1958],
        [0.1070, 0.1354, 0.0961, 0.1564, 0.1879, 0.1436, 0.1737]],
       device='cuda:0')
tensor([[0.1349, 0.1267, 0.1499, 0.1532, 0.1705, 0.1215, 0.1434],
        [0.1228, 0.1711, 0.1288, 0.1406, 0.1919, 0.1293, 0.1155],
        [0.1159, 0.1146, 0.1410, 0.1699, 0.1428, 0.1236, 0.1921],
        [0.1424, 0.1448, 0.1128, 0.1624, 0.1579, 0.1313, 0.1485],
        [0.1114, 0.1198, 0.1436, 0.1758, 0.1746, 0.1247, 0.1501],
        [0.1263, 0.1422, 0.1222, 0.1228, 0.1822, 0.1503, 0.1540],
        [0.1373, 0.1594, 0.1085, 0.1689, 0.1758, 0.1203, 0.1298]],
       device='cuda:0')

line 303 => train data수 35
line 258 => 인스턴스 수 5
=======test_loader=======
=======dev_loader=======
=======train_labeled_loader=======
=======finish=======
>>Epoch 11 Step 50 acc_test 0.032787 f1_test 0.027492 acc_val 0.175896 f1_val 0.091066 acc_train 0.428571 f1_train 0.388776 psl_cor 0 psl_totl 0 pslt_global 0.700000  Tim 0:11:13
acc_train_cw(train의 class별 acc) [0.0, 0.4, 0.4, 0.6, 1.0, 0.0, 0.6]
cw_psl_total_eval(pseudo label 클래스별 총 샘플 수):  [0, 0, 0, 0, 0, 0, 0]
cw_psl_correct_eval(pseudo label 클래스별 맞은 샘플 수):  [0, 0, 0, 0, 0, 0, 0]
psl_acc(PSL 평가에서의 정확도): None 
cw_psl_acc(클래스별 PSL 평가에서의 정확도):  [nan, nan, nan, nan, nan, nan, nan]
tensor([[0.1191, 0.1320, 0.1141, 0.1479, 0.1811, 0.1391, 0.1667],
        [0.1195, 0.1275, 0.1112, 0.1505, 0.1820, 0.1363, 0.1732],
        [0.1368, 0.1042, 0.1886, 0.1851, 0.1788, 0.1139, 0.0926],
        [0.1106, 0.1517, 0.1126, 0.1536, 0.1838, 0.1235, 0.1643],
        [0.1210, 0.1150, 0.1319, 0.1448, 0.1658, 0.1438, 0.1777],
        [0.1231, 0.1620, 0.1076, 0.1475, 0.1501, 0.1253, 0.1844],
        [0.1197, 0.1373, 0.0698, 0.1000, 0.1775, 0.1389, 0.2568]],
       device='cuda:0')
tensor([[0.1221, 0.0999, 0.1577, 0.1902, 0.2251, 0.1049, 0.1000],
        [0.1053, 0.1432, 0.1171, 0.1495, 0.1688, 0.1185, 0.1975],
        [0.1264, 0.2069, 0.0738, 0.1509, 0.1775, 0.1169, 0.1477],
        [0.1769, 0.1428, 0.1188, 0.1749, 0.1540, 0.1243, 0.1082],
        [0.1391, 0.1275, 0.1184, 0.1451, 0.1959, 0.1559, 0.1181],
        [0.1135, 0.2306, 0.0839, 0.1017, 0.1527, 0.1320, 0.1857],
        [0.1285, 0.1155, 0.1180, 0.1778, 0.1787, 0.1564, 0.1250]],
       device='cuda:0')
tensor([[0.1507, 0.1371, 0.1662, 0.1627, 0.1180, 0.1422, 0.1233],
        [0.0950, 0.1634, 0.1026, 0.1848, 0.2142, 0.1292, 0.1108],
        [0.1139, 0.1624, 0.1238, 0.1491, 0.1672, 0.1221, 0.1614],
        [0.1564, 0.1930, 0.0951, 0.1500, 0.1840, 0.1105, 0.1110],
        [0.1575, 0.1728, 0.0858, 0.1467, 0.1995, 0.1162, 0.1215],
        [0.1341, 0.1142, 0.1677, 0.1250, 0.1480, 0.1511, 0.1599],
        [0.1219, 0.1856, 0.1257, 0.1512, 0.1787, 0.1190, 0.1181]],
       device='cuda:0')

line 303 => train data수 35
line 258 => 인스턴스 수 5
=======test_loader=======
=======dev_loader=======
=======train_labeled_loader=======
=======finish=======
>>Epoch 12 Step 55 acc_test 0.030738 f1_test 0.030932 acc_val 0.172638 f1_val 0.093678 acc_train 0.514286 f1_train 0.496599 psl_cor 0 psl_totl 0 pslt_global 0.700000  Tim 0:12:29
acc_train_cw(train의 class별 acc) [0.4, 0.4, 0.6, 0.6, 1.0, 0.0, 0.6]
cw_psl_total_eval(pseudo label 클래스별 총 샘플 수):  [0, 0, 0, 0, 0, 0, 0]
cw_psl_correct_eval(pseudo label 클래스별 맞은 샘플 수):  [0, 0, 0, 0, 0, 0, 0]
psl_acc(PSL 평가에서의 정확도): None 
cw_psl_acc(클래스별 PSL 평가에서의 정확도):  [nan, nan, nan, nan, nan, nan, nan]
tensor([[0.1540, 0.1319, 0.1526, 0.1455, 0.1787, 0.1154, 0.1219],
        [0.1094, 0.1359, 0.0776, 0.1610, 0.2231, 0.1491, 0.1439],
        [0.1460, 0.1033, 0.1760, 0.1791, 0.1794, 0.1348, 0.0813],
        [0.0950, 0.1463, 0.1223, 0.1494, 0.2035, 0.1200, 0.1635],
        [0.1404, 0.0931, 0.1831, 0.1697, 0.1611, 0.1287, 0.1239],
        [0.1151, 0.1495, 0.1251, 0.1396, 0.1706, 0.1332, 0.1669],
        [0.1186, 0.1207, 0.0621, 0.1039, 0.2298, 0.1160, 0.2489]],
       device='cuda:0')
tensor([[0.1410, 0.1308, 0.2180, 0.1414, 0.1437, 0.1162, 0.1089],
        [0.1352, 0.1723, 0.0662, 0.1880, 0.2249, 0.1021, 0.1113],
        [0.0999, 0.1508, 0.1222, 0.1753, 0.1675, 0.1296, 0.1548],
        [0.1812, 0.1002, 0.2077, 0.1808, 0.1248, 0.1188, 0.0865],
        [0.1852, 0.1089, 0.1352, 0.1318, 0.2166, 0.1161, 0.1062],
        [0.1138, 0.1121, 0.1008, 0.2028, 0.1770, 0.1465, 0.1468],
        [0.1225, 0.1264, 0.0989, 0.1334, 0.1714, 0.1459, 0.2014]],
       device='cuda:0')
tensor([[0.1487, 0.1760, 0.1488, 0.1683, 0.1415, 0.1065, 0.1103],
        [0.1077, 0.1212, 0.1208, 0.1859, 0.2261, 0.1310, 0.1072],
        [0.1251, 0.1463, 0.1580, 0.1535, 0.1545, 0.1232, 0.1395],
        [0.1580, 0.1253, 0.1288, 0.1983, 0.1604, 0.1108, 0.1184],
        [0.1414, 0.1308, 0.1317, 0.1699, 0.1538, 0.1318, 0.1405],
        [0.1132, 0.1033, 0.1195, 0.1428, 0.1884, 0.1756, 0.1571],
        [0.1256, 0.1461, 0.1064, 0.1678, 0.1966, 0.1244, 0.1331]],
       device='cuda:0')

line 303 => train data수 35
line 258 => 인스턴스 수 5
=======test_loader=======
=======dev_loader=======
=======train_labeled_loader=======
=======finish=======
>>Epoch 13 Step 60 acc_test 0.049180 f1_test 0.045051 acc_val 0.185668 f1_val 0.100564 acc_train 0.600000 f1_train 0.596431 psl_cor 0 psl_totl 0 pslt_global 0.700000  Tim 0:13:26
acc_train_cw(train의 class별 acc) [0.4, 0.6, 0.6, 0.6, 1.0, 0.2, 0.8]
cw_psl_total_eval(pseudo label 클래스별 총 샘플 수):  [0, 0, 0, 0, 0, 0, 0]
cw_psl_correct_eval(pseudo label 클래스별 맞은 샘플 수):  [0, 0, 0, 0, 0, 0, 0]
psl_acc(PSL 평가에서의 정확도): None 
cw_psl_acc(클래스별 PSL 평가에서의 정확도):  [nan, nan, nan, nan, nan, nan, nan]
tensor([[0.1111, 0.1729, 0.1210, 0.1397, 0.2261, 0.1042, 0.1250],
        [0.1101, 0.1509, 0.0847, 0.1618, 0.1868, 0.1159, 0.1898],
        [0.2048, 0.1072, 0.1796, 0.1724, 0.1572, 0.1097, 0.0691],
        [0.1158, 0.1749, 0.1037, 0.2136, 0.1366, 0.1096, 0.1458],
        [0.1114, 0.1474, 0.1452, 0.1525, 0.1548, 0.1306, 0.1581],
        [0.1256, 0.1299, 0.1981, 0.1157, 0.1295, 0.1554, 0.1457],
        [0.0894, 0.1260, 0.0793, 0.1046, 0.1526, 0.1462, 0.3019]],
       device='cuda:0')
tensor([[0.1621, 0.1296, 0.2410, 0.1393, 0.1422, 0.1041, 0.0817],
        [0.1357, 0.1485, 0.1448, 0.1452, 0.1510, 0.1181, 0.1568],
        [0.1093, 0.1663, 0.1108, 0.1750, 0.1753, 0.1102, 0.1530],
        [0.1529, 0.1366, 0.1457, 0.1755, 0.1563, 0.1244, 0.1084],
        [0.1186, 0.1159, 0.1512, 0.1737, 0.2109, 0.1267, 0.1031],
        [0.1187, 0.1303, 0.1746, 0.1729, 0.1360, 0.1313, 0.1362],
        [0.1045, 0.1498, 0.0893, 0.1705, 0.2172, 0.1183, 0.1504]],
       device='cuda:0')
tensor([[0.1642, 0.1419, 0.1579, 0.1757, 0.1220, 0.1174, 0.1210],
        [0.1180, 0.1484, 0.1213, 0.1434, 0.2055, 0.1072, 0.1562],
        [0.1101, 0.1630, 0.1656, 0.1915, 0.1327, 0.1028, 0.1343],
        [0.1339, 0.1573, 0.1261, 0.2306, 0.1599, 0.1141, 0.0782],
        [0.1235, 0.1502, 0.1285, 0.2013, 0.1761, 0.1145, 0.1060],
        [0.1212, 0.1197, 0.1387, 0.1031, 0.1686, 0.1831, 0.1656],
        [0.1084, 0.1644, 0.1415, 0.1410, 0.2548, 0.0842, 0.1057]],
       device='cuda:0')

line 303 => train data수 35
line 258 => 인스턴스 수 5
=======test_loader=======
=======dev_loader=======
=======train_labeled_loader=======
=======finish=======
>>Epoch 14 Step 65 acc_test 0.174180 f1_test 0.142419 acc_val 0.250814 f1_val 0.145789 acc_train 0.857143 f1_train 0.858442 psl_cor 0 psl_totl 0 pslt_global 0.700000  Tim 0:14:32
acc_train_cw(train의 class별 acc) [0.8, 0.8, 0.8, 1.0, 0.8, 0.8, 1.0]
cw_psl_total_eval(pseudo label 클래스별 총 샘플 수):  [0, 0, 0, 0, 0, 0, 0]
cw_psl_correct_eval(pseudo label 클래스별 맞은 샘플 수):  [0, 0, 0, 0, 0, 0, 0]
psl_acc(PSL 평가에서의 정확도): None 
cw_psl_acc(클래스별 PSL 평가에서의 정확도):  [nan, nan, nan, nan, nan, nan, nan]
Save model to ./experiment/few_shot/output/
tensor([[0.1288, 0.1174, 0.1711, 0.1592, 0.1607, 0.1227, 0.1401],
        [0.1042, 0.1713, 0.0822, 0.1566, 0.2137, 0.1064, 0.1655],
        [0.1660, 0.1126, 0.1961, 0.2697, 0.1403, 0.0752, 0.0403],
        [0.1225, 0.1678, 0.1443, 0.2130, 0.1540, 0.1004, 0.0979],
        [0.1217, 0.1369, 0.1447, 0.1838, 0.1301, 0.1270, 0.1557],
        [0.1474, 0.1488, 0.1431, 0.1359, 0.1202, 0.1551, 0.1495],
        [0.1215, 0.1302, 0.1247, 0.1150, 0.1063, 0.1378, 0.2645]],
       device='cuda:0')
tensor([[0.1804, 0.1343, 0.1911, 0.1760, 0.1547, 0.0877, 0.0759],
        [0.1383, 0.1854, 0.1084, 0.1536, 0.1768, 0.0897, 0.1478],
        [0.1375, 0.1682, 0.1047, 0.1695, 0.1606, 0.1048, 0.1548],
        [0.2042, 0.1270, 0.1980, 0.1826, 0.1281, 0.0807, 0.0795],
        [0.1725, 0.1564, 0.1608, 0.1673, 0.1735, 0.0964, 0.0731],
        [0.1014, 0.2175, 0.1036, 0.1239, 0.1958, 0.1232, 0.1346],
        [0.1185, 0.1755, 0.1120, 0.1740, 0.1469, 0.1239, 0.1492]],
       device='cuda:0')
tensor([[0.1965, 0.2065, 0.1217, 0.1840, 0.1260, 0.0637, 0.1016],
        [0.1549, 0.1368, 0.1359, 0.1894, 0.1513, 0.1255, 0.1061],
        [0.1443, 0.1619, 0.1458, 0.2029, 0.1290, 0.0930, 0.1230],
        [0.1583, 0.1724, 0.1900, 0.1727, 0.1377, 0.1040, 0.0649],
        [0.1712, 0.1338, 0.1291, 0.2049, 0.1561, 0.1094, 0.0955],
        [0.1239, 0.1129, 0.1839, 0.1016, 0.1508, 0.1884, 0.1385],
        [0.1356, 0.1706, 0.1380, 0.1974, 0.1735, 0.0863, 0.0987]],
       device='cuda:0')

line 303 => train data수 35
line 258 => 인스턴스 수 5
=======test_loader=======
=======dev_loader=======
=======train_labeled_loader=======
=======finish=======
>>Epoch 15 Step 70 acc_test 0.284836 f1_test 0.206868 acc_val 0.270358 f1_val 0.161783 acc_train 0.885714 f1_train 0.885137 psl_cor 0 psl_totl 0 pslt_global 0.700000  Tim 0:15:45
acc_train_cw(train의 class별 acc) [0.8, 1.0, 0.8, 1.0, 0.8, 0.8, 1.0]
cw_psl_total_eval(pseudo label 클래스별 총 샘플 수):  [0, 0, 0, 0, 0, 0, 0]
cw_psl_correct_eval(pseudo label 클래스별 맞은 샘플 수):  [0, 0, 0, 0, 0, 0, 0]
psl_acc(PSL 평가에서의 정확도): None 
cw_psl_acc(클래스별 PSL 평가에서의 정확도):  [nan, nan, nan, nan, nan, nan, nan]
Save model to ./experiment/few_shot/output/
tensor([[0.1125, 0.2007, 0.1127, 0.1717, 0.1616, 0.1284, 0.1123],
        [0.0960, 0.2195, 0.0655, 0.1551, 0.1660, 0.1138, 0.1841],
        [0.1650, 0.1169, 0.1791, 0.1792, 0.1378, 0.1362, 0.0859],
        [0.0890, 0.2752, 0.0787, 0.1638, 0.1363, 0.1045, 0.1524],
        [0.1210, 0.1667, 0.1232, 0.1724, 0.1641, 0.1123, 0.1404],
        [0.0934, 0.2947, 0.0911, 0.1658, 0.1167, 0.1279, 0.1104],
        [0.0793, 0.1403, 0.0584, 0.0805, 0.1183, 0.1463, 0.3767]],
       device='cuda:0')
tensor([[0.2123, 0.1490, 0.1109, 0.2568, 0.1603, 0.0551, 0.0556],
        [0.1040, 0.2276, 0.0774, 0.1622, 0.1747, 0.1057, 0.1484],
        [0.0881, 0.2387, 0.0570, 0.1298, 0.1591, 0.1314, 0.1959],
        [0.1865, 0.1215, 0.1734, 0.1984, 0.1667, 0.0830, 0.0706],
        [0.1875, 0.1560, 0.1380, 0.1553, 0.1644, 0.0897, 0.1091],
        [0.1282, 0.1648, 0.1090, 0.1565, 0.1637, 0.1411, 0.1366],
        [0.1095, 0.1877, 0.0710, 0.2199, 0.1724, 0.1114, 0.1282]],
       device='cuda:0')
tensor([[0.1715, 0.1636, 0.1201, 0.2544, 0.1368, 0.0743, 0.0793],
        [0.1422, 0.1758, 0.1012, 0.2016, 0.1534, 0.1005, 0.1253],
        [0.1415, 0.1845, 0.1254, 0.2085, 0.1118, 0.0974, 0.1310],
        [0.1844, 0.2038, 0.1386, 0.1705, 0.1381, 0.0784, 0.0861],
        [0.1746, 0.1731, 0.1063, 0.1967, 0.1971, 0.0786, 0.0736],
        [0.0795, 0.1128, 0.1345, 0.0847, 0.1413, 0.2428, 0.2045],
        [0.1168, 0.2554, 0.0997, 0.1880, 0.1619, 0.0757, 0.1025]],
       device='cuda:0')

line 303 => train data수 35
line 258 => 인스턴스 수 5
=======test_loader=======
=======dev_loader=======
=======train_labeled_loader=======
=======finish=======
>>Epoch 16 Step 75 acc_test 0.331967 f1_test 0.237973 acc_val 0.283388 f1_val 0.223473 acc_train 0.857143 f1_train 0.855267 psl_cor 0 psl_totl 0 pslt_global 0.700000  Tim 0:17:03
acc_train_cw(train의 class별 acc) [0.8, 1.0, 0.6, 1.0, 0.8, 0.8, 1.0]
cw_psl_total_eval(pseudo label 클래스별 총 샘플 수):  [0, 0, 0, 0, 0, 0, 0]
cw_psl_correct_eval(pseudo label 클래스별 맞은 샘플 수):  [0, 0, 0, 0, 0, 0, 0]
psl_acc(PSL 평가에서의 정확도): None 
cw_psl_acc(클래스별 PSL 평가에서의 정확도):  [nan, nan, nan, nan, nan, nan, nan]
Save model to ./experiment/few_shot/output/
tensor([[0.0806, 0.1343, 0.1652, 0.1917, 0.1670, 0.1427, 0.1186],
        [0.0866, 0.1399, 0.0574, 0.1522, 0.2097, 0.1366, 0.2176],
        [0.2500, 0.0822, 0.1934, 0.1593, 0.2006, 0.0791, 0.0354],
        [0.0939, 0.1558, 0.1128, 0.3239, 0.1104, 0.0974, 0.1058],
        [0.1376, 0.0926, 0.1490, 0.1557, 0.1216, 0.2014, 0.1420],
        [0.0986, 0.1802, 0.1180, 0.1382, 0.1129, 0.1881, 0.1641],
        [0.0646, 0.1218, 0.0680, 0.0760, 0.1113, 0.1581, 0.4002]],
       device='cuda:0')
tensor([[0.1992, 0.1276, 0.2350, 0.1838, 0.1317, 0.0789, 0.0438],
        [0.1340, 0.1759, 0.1108, 0.1386, 0.2314, 0.1102, 0.0992],
        [0.0810, 0.2276, 0.0624, 0.1541, 0.1229, 0.1102, 0.2417],
        [0.1697, 0.0916, 0.2396, 0.2292, 0.1739, 0.0532, 0.0428],
        [0.1582, 0.1203, 0.1541, 0.1332, 0.2197, 0.1075, 0.1071],
        [0.1439, 0.1136, 0.1968, 0.1747, 0.1540, 0.1079, 0.1092],
        [0.1348, 0.1541, 0.0823, 0.1421, 0.1692, 0.1685, 0.1490]],
       device='cuda:0')
tensor([[0.1894, 0.2059, 0.1188, 0.1736, 0.1439, 0.0745, 0.0938],
        [0.1227, 0.1751, 0.1509, 0.2061, 0.1498, 0.1064, 0.0890],
        [0.1473, 0.1339, 0.1816, 0.2204, 0.1109, 0.1136, 0.0922],
        [0.1588, 0.1508, 0.1881, 0.2142, 0.1415, 0.0908, 0.0558],
        [0.1883, 0.1479, 0.1391, 0.1857, 0.1607, 0.0917, 0.0866],
        [0.0764, 0.0779, 0.1472, 0.1020, 0.1760, 0.2737, 0.1468],
        [0.1191, 0.2495, 0.1063, 0.1656, 0.1406, 0.0741, 0.1448]],
       device='cuda:0')

line 303 => train data수 35
line 258 => 인스턴스 수 5
=======test_loader=======
=======dev_loader=======
=======train_labeled_loader=======
=======finish=======
>>Epoch 17 Step 80 acc_test 0.301230 f1_test 0.214542 acc_val 0.283388 f1_val 0.230769 acc_train 0.942857 f1_train 0.942280 psl_cor 0 psl_totl 0 pslt_global 0.700000  Tim 0:18:28
acc_train_cw(train의 class별 acc) [1.0, 1.0, 1.0, 1.0, 0.8, 0.8, 1.0]
cw_psl_total_eval(pseudo label 클래스별 총 샘플 수):  [0, 0, 0, 0, 0, 0, 0]
cw_psl_correct_eval(pseudo label 클래스별 맞은 샘플 수):  [0, 0, 0, 0, 0, 0, 0]
psl_acc(PSL 평가에서의 정확도): None 
cw_psl_acc(클래스별 PSL 평가에서의 정확도):  [nan, nan, nan, nan, nan, nan, nan]
tensor([[0.1024, 0.1262, 0.1768, 0.2011, 0.2003, 0.1081, 0.0850],
        [0.0838, 0.2343, 0.0758, 0.1516, 0.1897, 0.1121, 0.1527],
        [0.2543, 0.0996, 0.1876, 0.2398, 0.1315, 0.0612, 0.0260],
        [0.0877, 0.1430, 0.1230, 0.2908, 0.1279, 0.0867, 0.1409],
        [0.1453, 0.0945, 0.1529, 0.1187, 0.1397, 0.1747, 0.1742],
        [0.1091, 0.2589, 0.0828, 0.1138, 0.1115, 0.1598, 0.1641],
        [0.0500, 0.1276, 0.0505, 0.0832, 0.1042, 0.1479, 0.4367]],
       device='cuda:0')
tensor([[0.2567, 0.1337, 0.2040, 0.1775, 0.1067, 0.0718, 0.0495],
        [0.1552, 0.2426, 0.0743, 0.1166, 0.1900, 0.1185, 0.1028],
        [0.0953, 0.1987, 0.0721, 0.1550, 0.1511, 0.1095, 0.2183],
        [0.2320, 0.1652, 0.1080, 0.2172, 0.1408, 0.0801, 0.0567],
        [0.1960, 0.1561, 0.1473, 0.1953, 0.1790, 0.0726, 0.0536],
        [0.1583, 0.1406, 0.1498, 0.1931, 0.1454, 0.1264, 0.0865],
        [0.1487, 0.1406, 0.0924, 0.1699, 0.1952, 0.1242, 0.1290]],
       device='cuda:0')
tensor([[0.2242, 0.1550, 0.1226, 0.2001, 0.1759, 0.0604, 0.0617],
        [0.0854, 0.0848, 0.1343, 0.1819, 0.3004, 0.1184, 0.0949],
        [0.1388, 0.2006, 0.1089, 0.3031, 0.0995, 0.0852, 0.0638],
        [0.1518, 0.2184, 0.1285, 0.2395, 0.1309, 0.0758, 0.0552],
        [0.2136, 0.1330, 0.1159, 0.2722, 0.1540, 0.0697, 0.0417],
        [0.0825, 0.0822, 0.1212, 0.0924, 0.2324, 0.2529, 0.1363],
        [0.1244, 0.2483, 0.0893, 0.1512, 0.2317, 0.0591, 0.0961]],
       device='cuda:0')

line 303 => train data수 35
line 258 => 인스턴스 수 5
=======test_loader=======
=======dev_loader=======
=======train_labeled_loader=======
=======finish=======
>>Epoch 18 Step 85 acc_test 0.325820 f1_test 0.235022 acc_val 0.296417 f1_val 0.248827 acc_train 0.971429 f1_train 0.971140 psl_cor 0 psl_totl 0 pslt_global 0.700000  Tim 0:19:34
acc_train_cw(train의 class별 acc) [1.0, 1.0, 1.0, 1.0, 1.0, 0.8, 1.0]
cw_psl_total_eval(pseudo label 클래스별 총 샘플 수):  [0, 0, 0, 0, 0, 0, 0]
cw_psl_correct_eval(pseudo label 클래스별 맞은 샘플 수):  [0, 0, 0, 0, 0, 0, 0]
psl_acc(PSL 평가에서의 정확도): None 
cw_psl_acc(클래스별 PSL 평가에서의 정확도):  [nan, nan, nan, nan, nan, nan, nan]
Save model to ./experiment/few_shot/output/
tensor([[0.1100, 0.1516, 0.1738, 0.1695, 0.1639, 0.1344, 0.0969],
        [0.0769, 0.1806, 0.0593, 0.0953, 0.1612, 0.1458, 0.2810],
        [0.2313, 0.1005, 0.1974, 0.2300, 0.1461, 0.0654, 0.0293],
        [0.0980, 0.1583, 0.1510, 0.1888, 0.1075, 0.1346, 0.1618],
        [0.0949, 0.0977, 0.1147, 0.1727, 0.1098, 0.1521, 0.2581],
        [0.0673, 0.1923, 0.0990, 0.0853, 0.0493, 0.1915, 0.3153],
        [0.0449, 0.0809, 0.0470, 0.0543, 0.0631, 0.1468, 0.5631]],
       device='cuda:0')
tensor([[0.1949, 0.1077, 0.2467, 0.2109, 0.0973, 0.0595, 0.0831],
        [0.0899, 0.2272, 0.0698, 0.1821, 0.1999, 0.0927, 0.1383],
        [0.0965, 0.2143, 0.0534, 0.1769, 0.1180, 0.1196, 0.2214],
        [0.2360, 0.1050, 0.1585, 0.2654, 0.1271, 0.0537, 0.0543],
        [0.1951, 0.1373, 0.1159, 0.1919, 0.1826, 0.0947, 0.0825],
        [0.0822, 0.1972, 0.0864, 0.1931, 0.1802, 0.1108, 0.1500],
        [0.0906, 0.1415, 0.0661, 0.1230, 0.0965, 0.1725, 0.3097]],
       device='cuda:0')
tensor([[0.1758, 0.2497, 0.1075, 0.2197, 0.1177, 0.0598, 0.0699],
        [0.0963, 0.1879, 0.1242, 0.2347, 0.1676, 0.1091, 0.0802],
        [0.1205, 0.2073, 0.1067, 0.2678, 0.1082, 0.1010, 0.0884],
        [0.1116, 0.2355, 0.1506, 0.2217, 0.1001, 0.0985, 0.0821],
        [0.1362, 0.1238, 0.1133, 0.3281, 0.1580, 0.0726, 0.0679],
        [0.0751, 0.1130, 0.1024, 0.1130, 0.2017, 0.2318, 0.1630],
        [0.0897, 0.3208, 0.0582, 0.1496, 0.1371, 0.0990, 0.1455]],
       device='cuda:0')

line 303 => train data수 36
line 258 => 인스턴스 수 6
=======test_loader=======
=======dev_loader=======
=======train_labeled_loader=======
=======finish=======
>>Epoch 19 Step 90 acc_test 0.352459 f1_test 0.267690 acc_val 0.267101 f1_val 0.207786 acc_train 0.972222 f1_train 0.971140 psl_cor 0 psl_totl 1 pslt_global 0.700000  Tim 0:21:00
acc_train_cw(train의 class별 acc) [1.0, 1.0, 1.0, 1.0, 1.0, 0.8, 1.0]
cw_psl_total_eval(pseudo label 클래스별 총 샘플 수):  [0, 1, 0, 0, 0, 0, 0]
cw_psl_correct_eval(pseudo label 클래스별 맞은 샘플 수):  [0, 0, 0, 0, 0, 0, 0]
psl_acc(PSL 평가에서의 정확도):  0.0 
cw_psl_acc(클래스별 PSL 평가에서의 정확도):  [nan, 0.0, nan, nan, nan, nan, nan]
train batch instace수가 7안됨 pass
tensor([[0.0856, 0.0867, 0.1660, 0.1591, 0.3005, 0.1271, 0.0750],
        [0.0938, 0.1883, 0.0674, 0.2097, 0.1790, 0.1120, 0.1498],
        [0.3073, 0.0813, 0.1703, 0.1753, 0.1840, 0.0538, 0.0278],
        [0.1337, 0.1877, 0.1408, 0.2174, 0.0969, 0.0918, 0.1317],
        [0.1165, 0.0962, 0.1004, 0.1308, 0.1508, 0.1518, 0.2534],
        [0.0633, 0.2486, 0.1194, 0.1159, 0.0791, 0.1538, 0.2198],
        [0.0414, 0.1381, 0.0348, 0.0572, 0.0964, 0.1303, 0.5018]],
       device='cuda:0')
tensor([[0.2381, 0.1287, 0.2586, 0.1732, 0.1176, 0.0460, 0.0377],
        [0.1407, 0.1476, 0.0828, 0.2398, 0.2913, 0.0632, 0.0345],
