current work directory:  /home/imsuhan22/few-shot-tc/JointMatch_SSL/codebert/code
python_extended_data
save_name: 10_codebert-base_0.0001_0.7_10_python_extended_data

data_path:  ../data/../data/problem_based_split/python_extended_data

There are 1 GPU(s) available.
We will use the GPU- 0 NVIDIA GeForce RTX 3090

**line 147 모델 =>  microsoft/codebert-base
**tokenizer type =  microsoft/codebert-base 

n_labeled_per_class:  10
train_df samples: 3974
train_labeled_df samples: 70
train_unlabeled_df samples: 3904
n_classes:  7 

net_arch:  microsoft/codebert-base lr:  0.0001

line 303 => train data수 70
line 258 => 인스턴스 수 10
=======test_loader=======
=======dev_loader=======
=======train_labeled_loader=======
=======finish=======
>>Epoch 1 Step 0 acc_test 0.297131 f1_test 0.065448 acc_val 0.026059 f1_val 0.007256 acc_train 0.142857 f1_train 0.035714 psl_cor 0 psl_totl 0 pslt_global 0.000000  Tim 0:00:15
acc_train_cw(현재 train의 class별 acc) [0.0, 0.0, 0.0, 0.0, 0.0, 1.0, 0.0]
cw_psl_total_eval(이전 pseudo label 클래스별 총 샘플 수):  [0, 0, 0, 0, 0, 0, 0]
cw_psl_correct_eval(이전 pseudo label 클래스별 맞은 샘플 수):  [0, 0, 0, 0, 0, 0, 0]
psl_acc(PSL 평가에서의 정확도): None 
cw_psl_acc(이전 클래스별 PSL 평가에서의 정확도):  [nan, nan, nan, nan, nan, nan, nan]
Save model to ./experiment/few_shot/output/
tensor([[0.1625, 0.1703, 0.1116, 0.1406, 0.1163, 0.1524, 0.1463],
        [0.1733, 0.1486, 0.1052, 0.1562, 0.1012, 0.1811, 0.1342],
        [0.1733, 0.1634, 0.1184, 0.1612, 0.1087, 0.1525, 0.1223],
        [0.1555, 0.1386, 0.1234, 0.1565, 0.1216, 0.1691, 0.1352],
        [0.2245, 0.1526, 0.1082, 0.1801, 0.0904, 0.1367, 0.1074],
        [0.1642, 0.1466, 0.1284, 0.1544, 0.1157, 0.1547, 0.1359],
        [0.1589, 0.1449, 0.1369, 0.1520, 0.1093, 0.1535, 0.1445]],
       device='cuda:0')

line 303 => train data수 70
line 258 => 인스턴스 수 10
=======test_loader=======
=======dev_loader=======
=======train_labeled_loader=======
=======finish=======
>>Epoch 2 Step 10 acc_test 0.077869 f1_test 0.020641 acc_val 0.091205 f1_val 0.023881 acc_train 0.142857 f1_train 0.035714 psl_cor 0 psl_totl 0 pslt_global 0.700000  Tim 0:00:59
acc_train_cw(현재 train의 class별 acc) [1.0, 0.0, 0.0, 0.0, 0.0, 0.0, 0.0]
cw_psl_total_eval(이전 pseudo label 클래스별 총 샘플 수):  [0, 0, 0, 0, 0, 0, 0]
cw_psl_correct_eval(이전 pseudo label 클래스별 맞은 샘플 수):  [0, 0, 0, 0, 0, 0, 0]
psl_acc(PSL 평가에서의 정확도): None 
cw_psl_acc(이전 클래스별 PSL 평가에서의 정확도):  [nan, nan, nan, nan, nan, nan, nan]
Save model to ./experiment/few_shot/output/
tensor([[0.1772, 0.1431, 0.1424, 0.1378, 0.1329, 0.1320, 0.1345],
        [0.1381, 0.1129, 0.1952, 0.1453, 0.1656, 0.1014, 0.1415],
        [0.1567, 0.1460, 0.1597, 0.1374, 0.1402, 0.1287, 0.1313],
        [0.1597, 0.1441, 0.1579, 0.1629, 0.1269, 0.1234, 0.1252],
        [0.1530, 0.1426, 0.1523, 0.1491, 0.1463, 0.1196, 0.1372],
        [0.1760, 0.1497, 0.1606, 0.1321, 0.1272, 0.1251, 0.1294],
        [0.1651, 0.1438, 0.1519, 0.1303, 0.1378, 0.1329, 0.1383]],
       device='cuda:0')

line 303 => train data수 70
line 258 => 인스턴스 수 10
=======test_loader=======
=======dev_loader=======
=======train_labeled_loader=======
=======finish=======
>>Epoch 3 Step 20 acc_test 0.077869 f1_test 0.020641 acc_val 0.091205 f1_val 0.023881 acc_train 0.142857 f1_train 0.035714 psl_cor 0 psl_totl 0 pslt_global 0.700000  Tim 0:01:50
acc_train_cw(현재 train의 class별 acc) [1.0, 0.0, 0.0, 0.0, 0.0, 0.0, 0.0]
cw_psl_total_eval(이전 pseudo label 클래스별 총 샘플 수):  [0, 0, 0, 0, 0, 0, 0]
cw_psl_correct_eval(이전 pseudo label 클래스별 맞은 샘플 수):  [0, 0, 0, 0, 0, 0, 0]
psl_acc(PSL 평가에서의 정확도): None 
cw_psl_acc(이전 클래스별 PSL 평가에서의 정확도):  [nan, nan, nan, nan, nan, nan, nan]
tensor([[0.1155, 0.1846, 0.1614, 0.1356, 0.1195, 0.1320, 0.1513],
        [0.1217, 0.1619, 0.1643, 0.1339, 0.1384, 0.1348, 0.1450],
        [0.1269, 0.1816, 0.1530, 0.1367, 0.1289, 0.1360, 0.1370],
        [0.1216, 0.1839, 0.1513, 0.1281, 0.1388, 0.1409, 0.1355],
        [0.1192, 0.1824, 0.1532, 0.1311, 0.1417, 0.1293, 0.1429],
        [0.1210, 0.1970, 0.1545, 0.1322, 0.1357, 0.1257, 0.1338],
        [0.1225, 0.1743, 0.1543, 0.1415, 0.1629, 0.1137, 0.1308]],
       device='cuda:0')

line 303 => train data수 70
line 258 => 인스턴스 수 10
=======test_loader=======
=======dev_loader=======
=======train_labeled_loader=======
=======finish=======
>>Epoch 4 Step 30 acc_test 0.278689 f1_test 0.062271 acc_val 0.006515 f1_val 0.001849 acc_train 0.142857 f1_train 0.035714 psl_cor 0 psl_totl 0 pslt_global 0.700000  Tim 0:02:36
acc_train_cw(현재 train의 class별 acc) [0.0, 1.0, 0.0, 0.0, 0.0, 0.0, 0.0]
cw_psl_total_eval(이전 pseudo label 클래스별 총 샘플 수):  [0, 0, 0, 0, 0, 0, 0]
cw_psl_correct_eval(이전 pseudo label 클래스별 맞은 샘플 수):  [0, 0, 0, 0, 0, 0, 0]
psl_acc(PSL 평가에서의 정확도): None 
cw_psl_acc(이전 클래스별 PSL 평가에서의 정확도):  [nan, nan, nan, nan, nan, nan, nan]
tensor([[0.1385, 0.1587, 0.1311, 0.1339, 0.1415, 0.1567, 0.1396],
        [0.1348, 0.1598, 0.1209, 0.1394, 0.1385, 0.1592, 0.1475],
        [0.1341, 0.1640, 0.1315, 0.1370, 0.1345, 0.1573, 0.1417],
        [0.1315, 0.1705, 0.1189, 0.1291, 0.1543, 0.1501, 0.1455],
        [0.1277, 0.1411, 0.1503, 0.1409, 0.1513, 0.1362, 0.1525],
        [0.1405, 0.1524, 0.1111, 0.1426, 0.1480, 0.1469, 0.1585],
        [0.1398, 0.1544, 0.1311, 0.1353, 0.1353, 0.1565, 0.1476]],
       device='cuda:0')

line 303 => train data수 70
line 258 => 인스턴스 수 10
=======test_loader=======
=======dev_loader=======
=======train_labeled_loader=======
=======finish=======
>>Epoch 5 Step 40 acc_test 0.278689 f1_test 0.062271 acc_val 0.006515 f1_val 0.001849 acc_train 0.142857 f1_train 0.035714 psl_cor 0 psl_totl 0 pslt_global 0.700000  Tim 0:03:23
acc_train_cw(현재 train의 class별 acc) [0.0, 1.0, 0.0, 0.0, 0.0, 0.0, 0.0]
cw_psl_total_eval(이전 pseudo label 클래스별 총 샘플 수):  [0, 0, 0, 0, 0, 0, 0]
cw_psl_correct_eval(이전 pseudo label 클래스별 맞은 샘플 수):  [0, 0, 0, 0, 0, 0, 0]
psl_acc(PSL 평가에서의 정확도): None 
cw_psl_acc(이전 클래스별 PSL 평가에서의 정확도):  [nan, nan, nan, nan, nan, nan, nan]
tensor([[0.1380, 0.1334, 0.1276, 0.1553, 0.1217, 0.1533, 0.1706],
        [0.1373, 0.1335, 0.1313, 0.1583, 0.1258, 0.1579, 0.1559],
        [0.1262, 0.1305, 0.1554, 0.1435, 0.1321, 0.1363, 0.1760],
        [0.1393, 0.1232, 0.1348, 0.1516, 0.1068, 0.1621, 0.1822],
        [0.1377, 0.1473, 0.1246, 0.1460, 0.1270, 0.1461, 0.1712],
        [0.1419, 0.1496, 0.1345, 0.1383, 0.1190, 0.1518, 0.1648],
        [0.1619, 0.1306, 0.1315, 0.1362, 0.1198, 0.1570, 0.1630]],
       device='cuda:0')

line 303 => train data수 70
line 258 => 인스턴스 수 10
=======test_loader=======
=======dev_loader=======
=======train_labeled_loader=======
=======finish=======
>>Epoch 6 Step 50 acc_test 0.018443 f1_test 0.005174 acc_val 0.117264 f1_val 0.029988 acc_train 0.142857 f1_train 0.035714 psl_cor 0 psl_totl 0 pslt_global 0.700000  Tim 0:04:09
acc_train_cw(현재 train의 class별 acc) [0.0, 0.0, 0.0, 0.0, 0.0, 0.0, 1.0]
cw_psl_total_eval(이전 pseudo label 클래스별 총 샘플 수):  [0, 0, 0, 0, 0, 0, 0]
cw_psl_correct_eval(이전 pseudo label 클래스별 맞은 샘플 수):  [0, 0, 0, 0, 0, 0, 0]
psl_acc(PSL 평가에서의 정확도): None 
cw_psl_acc(이전 클래스별 PSL 평가에서의 정확도):  [nan, nan, nan, nan, nan, nan, nan]
Save model to ./experiment/few_shot/output/
tensor([[0.1315, 0.1465, 0.1346, 0.1664, 0.1486, 0.1367, 0.1357],
        [0.1293, 0.1500, 0.1332, 0.1643, 0.1414, 0.1458, 0.1359],
        [0.1236, 0.1406, 0.1277, 0.1722, 0.1626, 0.1241, 0.1493],
        [0.1341, 0.1388, 0.1115, 0.1647, 0.1608, 0.1352, 0.1549],
        [0.1283, 0.1434, 0.1275, 0.1779, 0.1508, 0.1292, 0.1428],
        [0.1215, 0.1236, 0.1544, 0.1606, 0.1674, 0.1093, 0.1633],
        [0.1332, 0.1317, 0.1325, 0.1876, 0.1551, 0.1256, 0.1343]],
       device='cuda:0')

line 303 => train data수 70
line 258 => 인스턴스 수 10
=======test_loader=======
=======dev_loader=======
=======train_labeled_loader=======
=======finish=======
>>Epoch 7 Step 60 acc_test 0.161885 f1_test 0.039809 acc_val 0.387622 f1_val 0.079812 acc_train 0.142857 f1_train 0.035714 psl_cor 0 psl_totl 0 pslt_global 0.700000  Tim 0:05:09
acc_train_cw(현재 train의 class별 acc) [0.0, 0.0, 0.0, 1.0, 0.0, 0.0, 0.0]
cw_psl_total_eval(이전 pseudo label 클래스별 총 샘플 수):  [0, 0, 0, 0, 0, 0, 0]
cw_psl_correct_eval(이전 pseudo label 클래스별 맞은 샘플 수):  [0, 0, 0, 0, 0, 0, 0]
psl_acc(PSL 평가에서의 정확도): None 
cw_psl_acc(이전 클래스별 PSL 평가에서의 정확도):  [nan, nan, nan, nan, nan, nan, nan]
Save model to ./experiment/few_shot/output/
tensor([[0.1304, 0.1498, 0.1623, 0.1327, 0.1463, 0.1434, 0.1351],
        [0.1234, 0.1400, 0.1737, 0.1319, 0.1419, 0.1473, 0.1417],
        [0.1251, 0.1384, 0.1483, 0.1406, 0.1455, 0.1427, 0.1594],
        [0.1325, 0.1536, 0.1472, 0.1340, 0.1437, 0.1384, 0.1506],
        [0.0944, 0.2090, 0.1265, 0.1053, 0.2070, 0.0936, 0.1643],
        [0.1274, 0.1263, 0.1876, 0.1303, 0.1566, 0.1139, 0.1579],
        [0.1331, 0.1461, 0.1654, 0.1376, 0.1369, 0.1299, 0.1510]],
       device='cuda:0')

line 303 => train data수 70
line 258 => 인스턴스 수 10
=======test_loader=======
=======dev_loader=======
=======train_labeled_loader=======
=======finish=======
>>Epoch 8 Step 70 acc_test 0.122951 f1_test 0.031283 acc_val 0.228013 f1_val 0.053050 acc_train 0.142857 f1_train 0.035714 psl_cor 0 psl_totl 0 pslt_global 0.700000  Tim 0:06:08
acc_train_cw(현재 train의 class별 acc) [0.0, 0.0, 1.0, 0.0, 0.0, 0.0, 0.0]
cw_psl_total_eval(이전 pseudo label 클래스별 총 샘플 수):  [0, 0, 0, 0, 0, 0, 0]
cw_psl_correct_eval(이전 pseudo label 클래스별 맞은 샘플 수):  [0, 0, 0, 0, 0, 0, 0]
psl_acc(PSL 평가에서의 정확도): None 
cw_psl_acc(이전 클래스별 PSL 평가에서의 정확도):  [nan, nan, nan, nan, nan, nan, nan]
tensor([[0.1387, 0.1507, 0.1413, 0.1560, 0.1205, 0.1516, 0.1412],
        [0.1433, 0.1471, 0.1378, 0.1558, 0.1343, 0.1418, 0.1400],
        [0.1430, 0.1447, 0.1469, 0.1546, 0.1138, 0.1449, 0.1520],
        [0.1311, 0.1366, 0.1651, 0.1538, 0.1404, 0.1304, 0.1425],
        [0.1270, 0.1693, 0.1273, 0.1600, 0.1234, 0.1513, 0.1417],
        [0.1496, 0.1480, 0.1383, 0.1596, 0.1353, 0.1344, 0.1348],
        [0.1343, 0.1802, 0.0940, 0.2094, 0.1042, 0.1345, 0.1434]],
       device='cuda:0')

line 303 => train data수 70
line 258 => 인스턴스 수 10
=======test_loader=======
=======dev_loader=======
=======train_labeled_loader=======
=======finish=======
>>Epoch 9 Step 80 acc_test 0.161885 f1_test 0.039809 acc_val 0.387622 f1_val 0.079812 acc_train 0.142857 f1_train 0.035714 psl_cor 0 psl_totl 0 pslt_global 0.700000  Tim 0:07:06
acc_train_cw(현재 train의 class별 acc) [0.0, 0.0, 0.0, 1.0, 0.0, 0.0, 0.0]
cw_psl_total_eval(이전 pseudo label 클래스별 총 샘플 수):  [0, 0, 0, 0, 0, 0, 0]
cw_psl_correct_eval(이전 pseudo label 클래스별 맞은 샘플 수):  [0, 0, 0, 0, 0, 0, 0]
psl_acc(PSL 평가에서의 정확도): None 
cw_psl_acc(이전 클래스별 PSL 평가에서의 정확도):  [nan, nan, nan, nan, nan, nan, nan]
tensor([[0.1461, 0.1356, 0.1458, 0.1357, 0.1485, 0.1524, 0.1358],
        [0.1432, 0.1313, 0.1569, 0.1336, 0.1295, 0.1716, 0.1338],
        [0.1442, 0.1299, 0.1492, 0.1288, 0.1349, 0.1739, 0.1390],
        [0.1559, 0.1279, 0.1419, 0.1390, 0.1355, 0.1681, 0.1317],
        [0.1318, 0.0963, 0.2017, 0.1183, 0.1640, 0.1093, 0.1785],
        [0.1446, 0.1323, 0.1447, 0.1400, 0.1421, 0.1705, 0.1260],
        [0.1509, 0.1395, 0.1466, 0.1222, 0.1364, 0.1693, 0.1350]],
       device='cuda:0')

line 303 => train data수 70
line 258 => 인스턴스 수 10
=======test_loader=======
=======dev_loader=======
=======train_labeled_loader=======
=======finish=======
>>Epoch 10 Step 90 acc_test 0.297131 f1_test 0.065448 acc_val 0.026059 f1_val 0.007256 acc_train 0.142857 f1_train 0.035714 psl_cor 0 psl_totl 0 pslt_global 0.700000  Tim 0:07:52
acc_train_cw(현재 train의 class별 acc) [0.0, 0.0, 0.0, 0.0, 0.0, 1.0, 0.0]
cw_psl_total_eval(이전 pseudo label 클래스별 총 샘플 수):  [0, 0, 0, 0, 0, 0, 0]
cw_psl_correct_eval(이전 pseudo label 클래스별 맞은 샘플 수):  [0, 0, 0, 0, 0, 0, 0]
psl_acc(PSL 평가에서의 정확도): None 
cw_psl_acc(이전 클래스별 PSL 평가에서의 정확도):  [nan, nan, nan, nan, nan, nan, nan]
tensor([[0.1563, 0.1341, 0.1393, 0.1393, 0.1301, 0.1624, 0.1384],
        [0.1434, 0.1160, 0.1200, 0.1584, 0.1606, 0.1851, 0.1165],
        [0.1517, 0.1356, 0.1573, 0.1307, 0.1331, 0.1543, 0.1372],
        [0.1431, 0.1345, 0.1353, 0.1340, 0.1478, 0.1673, 0.1379],
        [0.1458, 0.1442, 0.1302, 0.1322, 0.1467, 0.1564, 0.1445],
        [0.1377, 0.1151, 0.1109, 0.1734, 0.1658, 0.1801, 0.1171],
        [0.1518, 0.1465, 0.1403, 0.1322, 0.1240, 0.1637, 0.1415]],
       device='cuda:0')

line 303 => train data수 70
line 258 => 인스턴스 수 10
=======test_loader=======
=======dev_loader=======
=======train_labeled_loader=======
=======finish=======
>>Epoch 11 Step 100 acc_test 0.297131 f1_test 0.065448 acc_val 0.026059 f1_val 0.007256 acc_train 0.142857 f1_train 0.035714 psl_cor 0 psl_totl 0 pslt_global 0.700000  Tim 0:08:52
acc_train_cw(현재 train의 class별 acc) [0.0, 0.0, 0.0, 0.0, 0.0, 1.0, 0.0]
cw_psl_total_eval(이전 pseudo label 클래스별 총 샘플 수):  [0, 0, 0, 0, 0, 0, 0]
cw_psl_correct_eval(이전 pseudo label 클래스별 맞은 샘플 수):  [0, 0, 0, 0, 0, 0, 0]
psl_acc(PSL 평가에서의 정확도): None 
cw_psl_acc(이전 클래스별 PSL 평가에서의 정확도):  [nan, nan, nan, nan, nan, nan, nan]
tensor([[0.1241, 0.1170, 0.1085, 0.1669, 0.1827, 0.1773, 0.1236],
        [0.1612, 0.1416, 0.1172, 0.1359, 0.1390, 0.1560, 0.1491],
        [0.1563, 0.1426, 0.1311, 0.1448, 0.1336, 0.1288, 0.1628],
        [0.1180, 0.1911, 0.1097, 0.1726, 0.1421, 0.1053, 0.1612],
        [0.1653, 0.1386, 0.1435, 0.1443, 0.1347, 0.1313, 0.1424],
        [0.1652, 0.1332, 0.1235, 0.1596, 0.1332, 0.1421, 0.1433],
        [0.1690, 0.1468, 0.1226, 0.1413, 0.1367, 0.1328, 0.1508]],
       device='cuda:0')

line 303 => train data수 70
line 258 => 인스턴스 수 10
=======test_loader=======
=======dev_loader=======
=======train_labeled_loader=======
=======finish=======
>>Epoch 12 Step 110 acc_test 0.018443 f1_test 0.005174 acc_val 0.117264 f1_val 0.029988 acc_train 0.142857 f1_train 0.035714 psl_cor 0 psl_totl 0 pslt_global 0.700000  Tim 0:09:47
acc_train_cw(현재 train의 class별 acc) [0.0, 0.0, 0.0, 0.0, 0.0, 0.0, 1.0]
cw_psl_total_eval(이전 pseudo label 클래스별 총 샘플 수):  [0, 0, 0, 0, 0, 0, 0]
cw_psl_correct_eval(이전 pseudo label 클래스별 맞은 샘플 수):  [0, 0, 0, 0, 0, 0, 0]
psl_acc(PSL 평가에서의 정확도): None 
cw_psl_acc(이전 클래스별 PSL 평가에서의 정확도):  [nan, nan, nan, nan, nan, nan, nan]
tensor([[0.1117, 0.1177, 0.1157, 0.1527, 0.2048, 0.1817, 0.1157],
        [0.0846, 0.1029, 0.0835, 0.1457, 0.2451, 0.2413, 0.0969],
        [0.1432, 0.1555, 0.1201, 0.1359, 0.1569, 0.1411, 0.1474],
        [0.1361, 0.1510, 0.1478, 0.1267, 0.1602, 0.1331, 0.1451],
        [0.1487, 0.1475, 0.1478, 0.1324, 0.1538, 0.1394, 0.1304],
        [0.1116, 0.1136, 0.1178, 0.1407, 0.2252, 0.1830, 0.1081],
        [0.1095, 0.1079, 0.1204, 0.1695, 0.2146, 0.1739, 0.1042]],
       device='cuda:0')

line 303 => train data수 70
line 258 => 인스턴스 수 10
=======test_loader=======
=======dev_loader=======
=======train_labeled_loader=======
=======finish=======
>>Epoch 13 Step 120 acc_test 0.043033 f1_test 0.011788 acc_val 0.143322 f1_val 0.035816 acc_train 0.142857 f1_train 0.035714 psl_cor 0 psl_totl 0 pslt_global 0.700000  Tim 0:10:35
acc_train_cw(현재 train의 class별 acc) [0.0, 0.0, 0.0, 0.0, 1.0, 0.0, 0.0]
cw_psl_total_eval(이전 pseudo label 클래스별 총 샘플 수):  [0, 0, 0, 0, 0, 0, 0]
cw_psl_correct_eval(이전 pseudo label 클래스별 맞은 샘플 수):  [0, 0, 0, 0, 0, 0, 0]
psl_acc(PSL 평가에서의 정확도): None 
cw_psl_acc(이전 클래스별 PSL 평가에서의 정확도):  [nan, nan, nan, nan, nan, nan, nan]
tensor([[0.1440, 0.1431, 0.1980, 0.1565, 0.1024, 0.1091, 0.1469],
        [0.1451, 0.1393, 0.1496, 0.1521, 0.1339, 0.1390, 0.1410],
        [0.1436, 0.1418, 0.1463, 0.1563, 0.1338, 0.1390, 0.1391],
        [0.1376, 0.1503, 0.1499, 0.1584, 0.1368, 0.1275, 0.1395],
        [0.1416, 0.1400, 0.1536, 0.1480, 0.1256, 0.1365, 0.1547],
        [0.1520, 0.1362, 0.1563, 0.1483, 0.1214, 0.1520, 0.1339],
        [0.1465, 0.1431, 0.1486, 0.1517, 0.1249, 0.1321, 0.1530]],
       device='cuda:0')

line 303 => train data수 70
line 258 => 인스턴스 수 10
=======test_loader=======
=======dev_loader=======
=======train_labeled_loader=======
=======finish=======
>>Epoch 14 Step 130 acc_test 0.161885 f1_test 0.039809 acc_val 0.387622 f1_val 0.079812 acc_train 0.142857 f1_train 0.035714 psl_cor 0 psl_totl 0 pslt_global 0.700000  Tim 0:11:36
acc_train_cw(현재 train의 class별 acc) [0.0, 0.0, 0.0, 1.0, 0.0, 0.0, 0.0]
cw_psl_total_eval(이전 pseudo label 클래스별 총 샘플 수):  [0, 0, 0, 0, 0, 0, 0]
cw_psl_correct_eval(이전 pseudo label 클래스별 맞은 샘플 수):  [0, 0, 0, 0, 0, 0, 0]
psl_acc(PSL 평가에서의 정확도): None 
cw_psl_acc(이전 클래스별 PSL 평가에서의 정확도):  [nan, nan, nan, nan, nan, nan, nan]
tensor([[0.1354, 0.1462, 0.1404, 0.1624, 0.1218, 0.1493, 0.1445],
        [0.1258, 0.1456, 0.1453, 0.1610, 0.1228, 0.1458, 0.1537],
        [0.1301, 0.1511, 0.1370, 0.1697, 0.1220, 0.1400, 0.1500],
        [0.1163, 0.1200, 0.1388, 0.1898, 0.1586, 0.1647, 0.1119],
        [0.1424, 0.1563, 0.1324, 0.1568, 0.1231, 0.1347, 0.1543],
        [0.1282, 0.1480, 0.1320, 0.1586, 0.1330, 0.1504, 0.1498],
        [0.1200, 0.1066, 0.1589, 0.1804, 0.1555, 0.1765, 0.1021]],
       device='cuda:0')

line 303 => train data수 70
line 258 => 인스턴스 수 10
=======test_loader=======
=======dev_loader=======
=======train_labeled_loader=======
=======finish=======
>>Epoch 15 Step 140 acc_test 0.161885 f1_test 0.039809 acc_val 0.387622 f1_val 0.079812 acc_train 0.142857 f1_train 0.035714 psl_cor 0 psl_totl 0 pslt_global 0.700000  Tim 0:12:28
acc_train_cw(현재 train의 class별 acc) [0.0, 0.0, 0.0, 1.0, 0.0, 0.0, 0.0]
cw_psl_total_eval(이전 pseudo label 클래스별 총 샘플 수):  [0, 0, 0, 0, 0, 0, 0]
cw_psl_correct_eval(이전 pseudo label 클래스별 맞은 샘플 수):  [0, 0, 0, 0, 0, 0, 0]
psl_acc(PSL 평가에서의 정확도): None 
cw_psl_acc(이전 클래스별 PSL 평가에서의 정확도):  [nan, nan, nan, nan, nan, nan, nan]
tensor([[0.0948, 0.1419, 0.1346, 0.1407, 0.1850, 0.1683, 0.1347],
        [0.1185, 0.1429, 0.1459, 0.1514, 0.1682, 0.1530, 0.1201],
        [0.1295, 0.1443, 0.1278, 0.1440, 0.1723, 0.1453, 0.1368],
        [0.1150, 0.1437, 0.1202, 0.1504, 0.1806, 0.1457, 0.1444],
        [0.1197, 0.1312, 0.1276, 0.1533, 0.1760, 0.1221, 0.1702],
        [0.1111, 0.1169, 0.1170, 0.1685, 0.1812, 0.2058, 0.0994],
        [0.1234, 0.1411, 0.1272, 0.1388, 0.1716, 0.1616, 0.1363]],
       device='cuda:0')

line 303 => train data수 70
line 258 => 인스턴스 수 10
=======test_loader=======
=======dev_loader=======
=======train_labeled_loader=======
=======finish=======
>>Epoch 16 Step 150 acc_test 0.043033 f1_test 0.011788 acc_val 0.143322 f1_val 0.035816 acc_train 0.142857 f1_train 0.035714 psl_cor 0 psl_totl 0 pslt_global 0.700000  Tim 0:13:18
acc_train_cw(현재 train의 class별 acc) [0.0, 0.0, 0.0, 0.0, 1.0, 0.0, 0.0]
cw_psl_total_eval(이전 pseudo label 클래스별 총 샘플 수):  [0, 0, 0, 0, 0, 0, 0]
cw_psl_correct_eval(이전 pseudo label 클래스별 맞은 샘플 수):  [0, 0, 0, 0, 0, 0, 0]
psl_acc(PSL 평가에서의 정확도): None 
cw_psl_acc(이전 클래스별 PSL 평가에서의 정확도):  [nan, nan, nan, nan, nan, nan, nan]
tensor([[0.1419, 0.1517, 0.1332, 0.1344, 0.1562, 0.1520, 0.1306],
        [0.1466, 0.1549, 0.1306, 0.1288, 0.1450, 0.1551, 0.1390],
        [0.1484, 0.1511, 0.1434, 0.1325, 0.1523, 0.1471, 0.1253],
        [0.1318, 0.1565, 0.1452, 0.1173, 0.1539, 0.1579, 0.1374],
        [0.1421, 0.1452, 0.1391, 0.1442, 0.1564, 0.1397, 0.1332],
        [0.1460, 0.1484, 0.1420, 0.1187, 0.1736, 0.1362, 0.1350],
        [0.1358, 0.1532, 0.1384, 0.1275, 0.1624, 0.1513, 0.1314]],
       device='cuda:0')

line 303 => train data수 70
line 258 => 인스턴스 수 10
=======test_loader=======
=======dev_loader=======
=======train_labeled_loader=======
=======finish=======
>>Epoch 17 Step 160 acc_test 0.043033 f1_test 0.011788 acc_val 0.143322 f1_val 0.035816 acc_train 0.142857 f1_train 0.035714 psl_cor 0 psl_totl 0 pslt_global 0.700000  Tim 0:14:19
acc_train_cw(현재 train의 class별 acc) [0.0, 0.0, 0.0, 0.0, 1.0, 0.0, 0.0]
cw_psl_total_eval(이전 pseudo label 클래스별 총 샘플 수):  [0, 0, 0, 0, 0, 0, 0]
cw_psl_correct_eval(이전 pseudo label 클래스별 맞은 샘플 수):  [0, 0, 0, 0, 0, 0, 0]
psl_acc(PSL 평가에서의 정확도): None 
cw_psl_acc(이전 클래스별 PSL 평가에서의 정확도):  [nan, nan, nan, nan, nan, nan, nan]
Early stopping trigger at step:  160
Best model at step:  60
**조기종료됨**

가장 높은 acc_val :  0.38762214983713356
tensor([[0.1335, 0.1545, 0.1230, 0.1231, 0.1676, 0.1544, 0.1439],
        [0.1296, 0.1524, 0.1339, 0.1243, 0.1517, 0.1643, 0.1440],
        [0.1309, 0.1542, 0.1298, 0.1346, 0.1581, 0.1486, 0.1438],
        [0.1343, 0.1387, 0.1448, 0.1339, 0.1765, 0.1191, 0.1527],
        [0.1213, 0.1667, 0.1427, 0.1088, 0.1720, 0.1528, 0.1357],
        [0.1477, 0.1621, 0.1277, 0.1364, 0.1503, 0.1402, 0.1355],
        [0.1311, 0.1559, 0.1273, 0.1454, 0.1487, 0.1488, 0.1427]],
       device='cuda:0')
acc_val 증가안된 epoch시점 :  7
early_stop_flag

Training complete!
Total training took 0:14:57 (h:mm:ss)
Load model from ./experiment/few_shot/output/10_codebert-base_0.0001_0.7_10_python_extended_data_net0.pth
Save training statistics in:  ./experiment/few_shot/log/20240404-010349/0/training_statistics.csv

Best_step:  60 
best_test_acc:  0.16188524590163936 
best_test_f1:  0.0398085159989922
Save best record in:  ./experiment/few_shot/log/20240404-010349/summary.csv
Save best record in:  ./experiment/few_shot/log/summary_avgrun.csv
