current work directory:  /home/imsuhan22/few-shot-tc/JointMatch_SSL/codebert/code
python_extended_data
save_name: 10_codebert-base_1e-05_0.7_20_python_extended_data

data_path:  ../data/../data/problem_based_split/python_extended_data

There are 1 GPU(s) available.
We will use the GPU- 0 NVIDIA GeForce RTX 3090

**line 147 모델 =>  microsoft/codebert-base
**tokenizer type =  microsoft/codebert-base 

n_labeled_per_class:  10
train_df samples: 3974
train_labeled_df samples: 70
train_unlabeled_df samples: 3904
n_classes:  7 

net_arch:  microsoft/codebert-base lr:  1e-05

line 303 => train data수 70
line 258 => 인스턴스 수 10
=======test_loader=======
=======dev_loader=======
=======train_labeled_loader=======
=======finish=======
>>Epoch 1 Step 0 acc_test 0.297131 f1_test 0.065448 acc_val 0.026059 f1_val 0.007256 acc_train 0.142857 f1_train 0.035714 psl_cor 0 psl_totl 0 pslt_global 0.000000  Tim 0:00:11
acc_train_cw(현재 train의 class별 acc) [0.0, 0.0, 0.0, 0.0, 0.0, 1.0, 0.0]
cw_psl_total_eval(이전 pseudo label 클래스별 총 샘플 수):  [0, 0, 0, 0, 0, 0, 0]
cw_psl_correct_eval(이전 pseudo label 클래스별 맞은 샘플 수):  [0, 0, 0, 0, 0, 0, 0]
psl_acc(PSL 평가에서의 정확도): None 
cw_psl_acc(이전 클래스별 PSL 평가에서의 정확도):  [nan, nan, nan, nan, nan, nan, nan]
Save model to ./experiment/few_shot/output/
tensor([[0.1433, 0.1383, 0.1040, 0.1363, 0.1102, 0.1850, 0.1829],
        [0.1494, 0.1230, 0.0980, 0.1514, 0.1127, 0.1992, 0.1663],
        [0.1487, 0.1267, 0.1122, 0.1807, 0.1057, 0.1797, 0.1463],
        [0.1262, 0.1106, 0.1083, 0.1846, 0.1146, 0.2091, 0.1465],
        [0.1854, 0.1167, 0.1123, 0.1725, 0.1012, 0.1846, 0.1273],
        [0.1562, 0.1238, 0.1209, 0.1624, 0.1086, 0.1929, 0.1352],
        [0.1423, 0.1200, 0.1290, 0.1564, 0.1081, 0.1901, 0.1541]],
       device='cuda:0')

line 303 => train data수 70
line 258 => 인스턴스 수 10
=======test_loader=======
=======dev_loader=======
=======train_labeled_loader=======
=======finish=======
>>Epoch 2 Step 10 acc_test 0.297131 f1_test 0.065552 acc_val 0.026059 f1_val 0.007256 acc_train 0.142857 f1_train 0.035714 psl_cor 0 psl_totl 0 pslt_global 0.700000  Tim 0:00:59
acc_train_cw(현재 train의 class별 acc) [0.0, 0.0, 0.0, 0.0, 0.0, 1.0, 0.0]
cw_psl_total_eval(이전 pseudo label 클래스별 총 샘플 수):  [0, 0, 0, 0, 0, 0, 0]
cw_psl_correct_eval(이전 pseudo label 클래스별 맞은 샘플 수):  [0, 0, 0, 0, 0, 0, 0]
psl_acc(PSL 평가에서의 정확도): None 
cw_psl_acc(이전 클래스별 PSL 평가에서의 정확도):  [nan, nan, nan, nan, nan, nan, nan]
tensor([[0.1500, 0.1234, 0.1176, 0.1663, 0.1221, 0.1668, 0.1538],
        [0.1337, 0.1086, 0.1664, 0.1608, 0.1399, 0.1357, 0.1550],
        [0.1470, 0.1359, 0.1408, 0.1504, 0.1220, 0.1578, 0.1460],
        [0.1372, 0.1364, 0.1286, 0.1849, 0.1013, 0.1594, 0.1522],
        [0.1358, 0.1402, 0.1111, 0.1676, 0.1309, 0.1535, 0.1609],
        [0.1692, 0.1491, 0.1264, 0.1407, 0.1108, 0.1514, 0.1525],
        [0.1560, 0.1278, 0.1299, 0.1384, 0.1291, 0.1599, 0.1590]],
       device='cuda:0')

line 303 => train data수 70
line 258 => 인스턴스 수 10
=======test_loader=======
=======dev_loader=======
=======train_labeled_loader=======
=======finish=======
>>Epoch 3 Step 20 acc_test 0.313525 f1_test 0.120767 acc_val 0.208469 f1_val 0.159966 acc_train 0.285714 f1_train 0.184524 psl_cor 0 psl_totl 0 pslt_global 0.700000  Tim 0:01:39
acc_train_cw(현재 train의 class별 acc) [0.3, 0.0, 0.0, 0.7, 0.0, 1.0, 0.0]
cw_psl_total_eval(이전 pseudo label 클래스별 총 샘플 수):  [0, 0, 0, 0, 0, 0, 0]
cw_psl_correct_eval(이전 pseudo label 클래스별 맞은 샘플 수):  [0, 0, 0, 0, 0, 0, 0]
psl_acc(PSL 평가에서의 정확도): None 
cw_psl_acc(이전 클래스별 PSL 평가에서의 정확도):  [nan, nan, nan, nan, nan, nan, nan]
Save model to ./experiment/few_shot/output/
tensor([[0.1174, 0.1499, 0.1693, 0.1496, 0.1022, 0.1432, 0.1685],
        [0.1476, 0.1452, 0.1374, 0.1554, 0.1273, 0.1562, 0.1309],
        [0.1627, 0.1519, 0.1290, 0.1628, 0.1109, 0.1566, 0.1262],
        [0.1363, 0.1458, 0.1204, 0.1492, 0.1448, 0.1611, 0.1424],
        [0.1414, 0.1351, 0.1264, 0.1707, 0.1425, 0.1312, 0.1527],
        [0.1266, 0.1813, 0.1367, 0.1503, 0.1253, 0.1391, 0.1407],
        [0.1454, 0.1320, 0.1588, 0.1169, 0.1909, 0.1345, 0.1216]],
       device='cuda:0')

line 303 => train data수 70
line 258 => 인스턴스 수 10
=======test_loader=======
=======dev_loader=======
=======train_labeled_loader=======
=======finish=======
>>Epoch 4 Step 30 acc_test 0.233607 f1_test 0.097552 acc_val 0.390879 f1_val 0.176679 acc_train 0.228571 f1_train 0.142684 psl_cor 0 psl_totl 0 pslt_global 0.700000  Tim 0:02:10
acc_train_cw(현재 train의 class별 acc) [0.2, 0.0, 0.0, 0.9, 0.0, 0.5, 0.0]
cw_psl_total_eval(이전 pseudo label 클래스별 총 샘플 수):  [0, 0, 0, 0, 0, 0, 0]
cw_psl_correct_eval(이전 pseudo label 클래스별 맞은 샘플 수):  [0, 0, 0, 0, 0, 0, 0]
psl_acc(PSL 평가에서의 정확도): None 
cw_psl_acc(이전 클래스별 PSL 평가에서의 정확도):  [nan, nan, nan, nan, nan, nan, nan]
Save model to ./experiment/few_shot/output/
tensor([[0.1387, 0.1466, 0.1438, 0.1455, 0.1381, 0.1545, 0.1328],
        [0.1546, 0.1604, 0.1301, 0.1489, 0.1206, 0.1542, 0.1313],
        [0.1291, 0.1396, 0.1490, 0.1731, 0.1274, 0.1534, 0.1284],
        [0.1375, 0.1459, 0.1160, 0.1473, 0.1727, 0.1533, 0.1272],
        [0.1138, 0.1146, 0.1533, 0.1622, 0.1507, 0.1349, 0.1704],
        [0.1579, 0.1314, 0.1216, 0.1687, 0.1384, 0.1368, 0.1452],
        [0.1535, 0.1269, 0.1403, 0.1538, 0.1404, 0.1486, 0.1365]],
       device='cuda:0')

line 303 => train data수 70
line 258 => 인스턴스 수 10
=======test_loader=======
=======dev_loader=======
=======train_labeled_loader=======
=======finish=======
>>Epoch 5 Step 40 acc_test 0.325820 f1_test 0.156495 acc_val 0.342020 f1_val 0.233950 acc_train 0.342857 f1_train 0.252514 psl_cor 0 psl_totl 0 pslt_global 0.700000  Tim 0:02:40
acc_train_cw(현재 train의 class별 acc) [0.5, 0.3, 0.0, 0.9, 0.0, 0.7, 0.0]
cw_psl_total_eval(이전 pseudo label 클래스별 총 샘플 수):  [0, 0, 0, 0, 0, 0, 0]
cw_psl_correct_eval(이전 pseudo label 클래스별 맞은 샘플 수):  [0, 0, 0, 0, 0, 0, 0]
psl_acc(PSL 평가에서의 정확도): None 
cw_psl_acc(이전 클래스별 PSL 평가에서의 정확도):  [nan, nan, nan, nan, nan, nan, nan]
tensor([[0.1241, 0.1553, 0.1306, 0.1634, 0.1076, 0.1502, 0.1688],
        [0.1374, 0.1512, 0.1342, 0.1708, 0.1349, 0.1564, 0.1150],
        [0.1103, 0.1406, 0.1481, 0.1393, 0.1569, 0.1496, 0.1553],
        [0.1467, 0.1355, 0.1476, 0.1638, 0.1215, 0.1706, 0.1142],
        [0.1420, 0.1482, 0.1145, 0.1424, 0.1380, 0.1484, 0.1664],
        [0.1479, 0.1692, 0.1397, 0.1373, 0.1331, 0.1389, 0.1341],
        [0.1742, 0.1339, 0.1259, 0.1460, 0.1272, 0.1533, 0.1395]],
       device='cuda:0')

line 303 => train data수 70
line 258 => 인스턴스 수 10
=======test_loader=======
=======dev_loader=======
=======train_labeled_loader=======
=======finish=======
>>Epoch 6 Step 50 acc_test 0.344262 f1_test 0.156651 acc_val 0.332248 f1_val 0.186083 acc_train 0.371429 f1_train 0.299320 psl_cor 0 psl_totl 0 pslt_global 0.700000  Tim 0:03:09
acc_train_cw(현재 train의 class별 acc) [0.5, 0.2, 0.0, 0.9, 0.0, 0.8, 0.2]
cw_psl_total_eval(이전 pseudo label 클래스별 총 샘플 수):  [0, 0, 0, 0, 0, 0, 0]
cw_psl_correct_eval(이전 pseudo label 클래스별 맞은 샘플 수):  [0, 0, 0, 0, 0, 0, 0]
psl_acc(PSL 평가에서의 정확도): None 
cw_psl_acc(이전 클래스별 PSL 평가에서의 정확도):  [nan, nan, nan, nan, nan, nan, nan]
tensor([[0.1359, 0.1550, 0.1321, 0.1741, 0.1340, 0.1429, 0.1261],
        [0.1393, 0.1835, 0.1393, 0.1400, 0.1210, 0.1719, 0.1051],
        [0.1264, 0.1481, 0.1307, 0.1661, 0.1670, 0.1314, 0.1302],
        [0.1193, 0.1268, 0.1207, 0.1715, 0.1689, 0.1512, 0.1415],
        [0.1287, 0.1618, 0.1451, 0.1648, 0.1424, 0.1345, 0.1227],
        [0.1133, 0.1244, 0.1584, 0.1689, 0.1650, 0.0992, 0.1707],
        [0.1316, 0.1331, 0.1348, 0.2082, 0.1491, 0.1240, 0.1192]],
       device='cuda:0')

line 303 => train data수 70
line 258 => 인스턴스 수 10
=======test_loader=======
=======dev_loader=======
=======train_labeled_loader=======
=======finish=======
>>Epoch 7 Step 60 acc_test 0.381148 f1_test 0.234623 acc_val 0.322476 f1_val 0.232517 acc_train 0.542857 f1_train 0.511227 psl_cor 0 psl_totl 0 pslt_global 0.700000  Tim 0:03:39
acc_train_cw(현재 train의 class별 acc) [0.6, 0.6, 0.0, 0.9, 0.7, 0.6, 0.4]
cw_psl_total_eval(이전 pseudo label 클래스별 총 샘플 수):  [0, 0, 0, 0, 0, 0, 0]
cw_psl_correct_eval(이전 pseudo label 클래스별 맞은 샘플 수):  [0, 0, 0, 0, 0, 0, 0]
psl_acc(PSL 평가에서의 정확도): None 
cw_psl_acc(이전 클래스별 PSL 평가에서의 정확도):  [nan, nan, nan, nan, nan, nan, nan]
tensor([[0.1020, 0.1310, 0.1558, 0.1371, 0.1581, 0.1742, 0.1418],
        [0.1224, 0.1460, 0.1687, 0.1446, 0.1318, 0.1600, 0.1266],
        [0.1266, 0.1337, 0.1322, 0.1663, 0.1395, 0.1559, 0.1457],
        [0.1138, 0.1817, 0.1195, 0.1211, 0.1353, 0.1570, 0.1715],
        [0.1016, 0.1116, 0.1637, 0.1316, 0.1457, 0.1581, 0.1877],
        [0.1175, 0.1020, 0.1692, 0.1496, 0.1722, 0.1184, 0.1711],
        [0.1451, 0.1486, 0.1332, 0.1392, 0.1445, 0.1416, 0.1477]],
       device='cuda:0')

line 303 => train data수 70
line 258 => 인스턴스 수 10
=======test_loader=======
=======dev_loader=======
=======train_labeled_loader=======
=======finish=======
>>Epoch 8 Step 70 acc_test 0.323770 f1_test 0.211043 acc_val 0.192182 f1_val 0.210723 acc_train 0.600000 f1_train 0.595322 psl_cor 0 psl_totl 0 pslt_global 0.700000  Tim 0:04:23
acc_train_cw(현재 train의 class별 acc) [0.6, 0.7, 0.6, 0.3, 0.6, 0.8, 0.6]
cw_psl_total_eval(이전 pseudo label 클래스별 총 샘플 수):  [0, 0, 0, 0, 0, 0, 0]
cw_psl_correct_eval(이전 pseudo label 클래스별 맞은 샘플 수):  [0, 0, 0, 0, 0, 0, 0]
psl_acc(PSL 평가에서의 정확도): None 
cw_psl_acc(이전 클래스별 PSL 평가에서의 정확도):  [nan, nan, nan, nan, nan, nan, nan]
tensor([[0.1350, 0.1352, 0.1436, 0.1687, 0.1229, 0.1372, 0.1574],
        [0.1594, 0.1356, 0.1438, 0.1415, 0.1374, 0.1534, 0.1289],
        [0.1620, 0.1306, 0.1214, 0.1764, 0.1198, 0.1449, 0.1449],
        [0.0697, 0.1160, 0.1947, 0.1787, 0.1556, 0.1274, 0.1579],
        [0.1023, 0.1372, 0.1288, 0.1552, 0.1199, 0.1804, 0.1763],
        [0.1625, 0.1307, 0.1608, 0.1653, 0.1606, 0.1017, 0.1183],
        [0.1547, 0.1411, 0.1274, 0.1274, 0.1441, 0.1721, 0.1332]],
       device='cuda:0')

line 303 => train data수 70
line 258 => 인스턴스 수 10
=======test_loader=======
=======dev_loader=======
=======train_labeled_loader=======
=======finish=======
>>Epoch 9 Step 80 acc_test 0.336066 f1_test 0.214184 acc_val 0.381107 f1_val 0.302759 acc_train 0.528571 f1_train 0.461631 psl_cor 0 psl_totl 0 pslt_global 0.700000  Tim 0:05:06
acc_train_cw(현재 train의 class별 acc) [0.9, 0.4, 0.0, 0.9, 0.1, 0.6, 0.8]
cw_psl_total_eval(이전 pseudo label 클래스별 총 샘플 수):  [0, 0, 0, 0, 0, 0, 0]
cw_psl_correct_eval(이전 pseudo label 클래스별 맞은 샘플 수):  [0, 0, 0, 0, 0, 0, 0]
psl_acc(PSL 평가에서의 정확도): None 
cw_psl_acc(이전 클래스별 PSL 평가에서의 정확도):  [nan, nan, nan, nan, nan, nan, nan]
tensor([[0.1230, 0.1435, 0.1402, 0.1676, 0.1560, 0.1569, 0.1128],
        [0.1804, 0.1248, 0.1791, 0.1363, 0.1430, 0.1354, 0.1010],
        [0.1377, 0.1656, 0.1560, 0.1403, 0.1394, 0.1480, 0.1131],
        [0.1470, 0.1244, 0.1503, 0.1581, 0.1335, 0.1635, 0.1232],
        [0.0963, 0.1044, 0.1659, 0.1720, 0.1892, 0.1317, 0.1407],
        [0.1458, 0.1395, 0.1783, 0.1678, 0.1529, 0.1215, 0.0942],
        [0.1466, 0.1687, 0.1204, 0.1392, 0.1377, 0.1719, 0.1156]],
       device='cuda:0')

line 303 => train data수 70
line 258 => 인스턴스 수 10
=======test_loader=======
=======dev_loader=======
=======train_labeled_loader=======
=======finish=======
>>Epoch 10 Step 90 acc_test 0.317623 f1_test 0.205919 acc_val 0.205212 f1_val 0.195818 acc_train 0.628571 f1_train 0.626052 psl_cor 0 psl_totl 0 pslt_global 0.700000  Tim 0:05:52
acc_train_cw(현재 train의 class별 acc) [1.0, 0.4, 0.5, 0.7, 0.8, 0.8, 0.2]
cw_psl_total_eval(이전 pseudo label 클래스별 총 샘플 수):  [0, 0, 0, 0, 0, 0, 0]
cw_psl_correct_eval(이전 pseudo label 클래스별 맞은 샘플 수):  [0, 0, 0, 0, 0, 0, 0]
psl_acc(PSL 평가에서의 정확도): None 
cw_psl_acc(이전 클래스별 PSL 평가에서의 정확도):  [nan, nan, nan, nan, nan, nan, nan]
tensor([[0.0766, 0.0926, 0.1623, 0.1550, 0.1745, 0.2214, 0.1175],
        [0.1485, 0.1092, 0.1528, 0.1342, 0.2390, 0.1054, 0.1108],
        [0.1263, 0.1399, 0.1655, 0.1838, 0.1296, 0.1283, 0.1265],
        [0.0724, 0.1116, 0.1300, 0.1873, 0.1486, 0.2121, 0.1380],
        [0.0959, 0.1094, 0.1074, 0.1857, 0.1515, 0.1837, 0.1664],
        [0.1363, 0.1334, 0.1431, 0.1335, 0.2248, 0.1073, 0.1216],
        [0.1382, 0.1123, 0.1269, 0.1750, 0.1067, 0.1898, 0.1512]],
       device='cuda:0')

line 303 => train data수 70
line 258 => 인스턴스 수 10
=======test_loader=======
=======dev_loader=======
=======train_labeled_loader=======
=======finish=======
>>Epoch 11 Step 100 acc_test 0.329918 f1_test 0.205310 acc_val 0.322476 f1_val 0.234296 acc_train 0.685714 f1_train 0.681688 psl_cor 0 psl_totl 0 pslt_global 0.700000  Tim 0:06:37
acc_train_cw(현재 train의 class별 acc) [0.8, 0.4, 0.6, 0.8, 0.8, 0.8, 0.6]
cw_psl_total_eval(이전 pseudo label 클래스별 총 샘플 수):  [0, 0, 0, 0, 0, 0, 0]
cw_psl_correct_eval(이전 pseudo label 클래스별 맞은 샘플 수):  [0, 0, 0, 0, 0, 0, 0]
psl_acc(PSL 평가에서의 정확도): None 
cw_psl_acc(이전 클래스별 PSL 평가에서의 정확도):  [nan, nan, nan, nan, nan, nan, nan]
tensor([[0.0783, 0.1629, 0.1164, 0.1408, 0.2692, 0.1694, 0.0630],
        [0.1924, 0.1679, 0.1227, 0.1223, 0.1576, 0.1376, 0.0995],
        [0.2262, 0.1999, 0.1107, 0.1490, 0.1241, 0.0973, 0.0927],
        [0.0640, 0.1696, 0.1301, 0.2089, 0.1860, 0.1368, 0.1046],
        [0.1204, 0.1101, 0.1321, 0.1785, 0.1537, 0.1898, 0.1153],
        [0.1132, 0.1696, 0.1775, 0.1514, 0.2436, 0.0957, 0.0490],
        [0.1717, 0.1771, 0.1295, 0.1394, 0.1278, 0.1294, 0.1252]],
       device='cuda:0')

line 303 => train data수 70
line 258 => 인스턴스 수 10
=======test_loader=======
=======dev_loader=======
=======train_labeled_loader=======
=======finish=======
>>Epoch 12 Step 110 acc_test 0.286885 f1_test 0.194500 acc_val 0.195440 f1_val 0.213652 acc_train 0.728571 f1_train 0.703855 psl_cor 0 psl_totl 0 pslt_global 0.700000  Tim 0:07:23
acc_train_cw(현재 train의 class별 acc) [1.0, 0.8, 0.2, 0.5, 1.0, 0.8, 0.8]
cw_psl_total_eval(이전 pseudo label 클래스별 총 샘플 수):  [0, 0, 0, 0, 0, 0, 0]
cw_psl_correct_eval(이전 pseudo label 클래스별 맞은 샘플 수):  [0, 0, 0, 0, 0, 0, 0]
psl_acc(PSL 평가에서의 정확도): None 
cw_psl_acc(이전 클래스별 PSL 평가에서의 정확도):  [nan, nan, nan, nan, nan, nan, nan]
tensor([[0.1211, 0.0661, 0.1235, 0.1217, 0.2120, 0.1942, 0.1614],
        [0.1183, 0.0803, 0.1620, 0.1176, 0.1971, 0.1725, 0.1521],
        [0.1718, 0.1185, 0.0753, 0.1616, 0.1086, 0.1700, 0.1940],
        [0.1042, 0.0828, 0.1222, 0.1475, 0.1215, 0.2018, 0.2199],
        [0.1335, 0.0669, 0.1112, 0.1343, 0.0985, 0.2350, 0.2207],
        [0.1788, 0.0844, 0.1273, 0.1341, 0.1923, 0.1187, 0.1644],
        [0.1575, 0.0779, 0.1105, 0.1196, 0.1582, 0.2122, 0.1641]],
       device='cuda:0')

line 303 => train data수 70
line 258 => 인스턴스 수 10
=======test_loader=======
=======dev_loader=======
=======train_labeled_loader=======
=======finish=======
>>Epoch 13 Step 120 acc_test 0.254098 f1_test 0.154700 acc_val 0.198697 f1_val 0.128891 acc_train 0.657143 f1_train 0.653631 psl_cor 0 psl_totl 0 pslt_global 0.700000  Tim 0:08:09
acc_train_cw(현재 train의 class별 acc) [1.0, 0.3, 0.4, 0.6, 0.6, 0.8, 0.9]
cw_psl_total_eval(이전 pseudo label 클래스별 총 샘플 수):  [0, 0, 0, 0, 0, 0, 0]
cw_psl_correct_eval(이전 pseudo label 클래스별 맞은 샘플 수):  [0, 0, 0, 0, 0, 0, 0]
psl_acc(PSL 평가에서의 정확도): None 
cw_psl_acc(이전 클래스별 PSL 평가에서의 정확도):  [nan, nan, nan, nan, nan, nan, nan]
tensor([[0.0795, 0.1644, 0.1907, 0.1655, 0.1231, 0.1637, 0.1131],
        [0.2204, 0.1493, 0.2322, 0.1163, 0.1260, 0.0927, 0.0630],
        [0.2160, 0.2811, 0.0966, 0.1673, 0.0930, 0.0870, 0.0592],
        [0.0614, 0.1250, 0.1531, 0.2301, 0.1439, 0.1857, 0.1008],
        [0.0814, 0.0553, 0.1374, 0.2075, 0.1023, 0.2617, 0.1543],
        [0.1290, 0.1191, 0.1822, 0.2070, 0.1623, 0.1374, 0.0630],
        [0.1825, 0.1474, 0.1051, 0.1833, 0.1022, 0.1607, 0.1188]],
       device='cuda:0')

line 303 => train data수 70
line 258 => 인스턴스 수 10
=======test_loader=======
=======dev_loader=======
=======train_labeled_loader=======
=======finish=======
>>Epoch 14 Step 130 acc_test 0.372951 f1_test 0.248256 acc_val 0.260586 f1_val 0.236134 acc_train 0.871429 f1_train 0.873145 psl_cor 0 psl_totl 0 pslt_global 0.700000  Tim 0:08:55
acc_train_cw(현재 train의 class별 acc) [1.0, 0.9, 0.8, 0.8, 0.9, 1.0, 0.7]
cw_psl_total_eval(이전 pseudo label 클래스별 총 샘플 수):  [0, 0, 0, 0, 0, 0, 0]
cw_psl_correct_eval(이전 pseudo label 클래스별 맞은 샘플 수):  [0, 0, 0, 0, 0, 0, 0]
psl_acc(PSL 평가에서의 정확도): None 
cw_psl_acc(이전 클래스별 PSL 평가에서의 정확도):  [nan, nan, nan, nan, nan, nan, nan]
tensor([[0.0353, 0.0988, 0.1760, 0.1967, 0.1502, 0.2382, 0.1049],
        [0.1447, 0.1024, 0.3112, 0.1721, 0.1141, 0.0713, 0.0843],
        [0.1627, 0.1872, 0.1182, 0.2507, 0.0901, 0.1008, 0.0903],
        [0.0709, 0.1047, 0.1598, 0.1574, 0.2368, 0.1593, 0.1111],
        [0.0647, 0.0566, 0.1086, 0.1570, 0.1366, 0.2849, 0.1916],
        [0.0702, 0.0583, 0.2064, 0.2348, 0.1695, 0.1684, 0.0924],
        [0.2076, 0.1146, 0.1489, 0.1356, 0.1242, 0.1788, 0.0903]],
       device='cuda:0')

line 303 => train data수 70
line 258 => 인스턴스 수 10
=======test_loader=======
=======dev_loader=======
=======train_labeled_loader=======
=======finish=======
>>Epoch 15 Step 140 acc_test 0.344262 f1_test 0.249340 acc_val 0.293160 f1_val 0.318712 acc_train 0.914286 f1_train 0.915082 psl_cor 0 psl_totl 0 pslt_global 0.700000  Tim 0:09:41
acc_train_cw(현재 train의 class별 acc) [1.0, 0.9, 0.9, 0.8, 0.9, 0.9, 1.0]
cw_psl_total_eval(이전 pseudo label 클래스별 총 샘플 수):  [0, 0, 0, 0, 0, 0, 0]
cw_psl_correct_eval(이전 pseudo label 클래스별 맞은 샘플 수):  [0, 0, 0, 0, 0, 0, 0]
psl_acc(PSL 평가에서의 정확도): None 
cw_psl_acc(이전 클래스별 PSL 평가에서의 정확도):  [nan, nan, nan, nan, nan, nan, nan]
tensor([[0.0358, 0.2341, 0.1729, 0.1352, 0.2380, 0.1455, 0.0385],
        [0.1498, 0.1763, 0.2169, 0.1314, 0.1382, 0.1107, 0.0766],
        [0.1492, 0.2289, 0.1176, 0.2868, 0.0959, 0.0744, 0.0472],
        [0.0569, 0.2101, 0.1419, 0.2033, 0.2018, 0.1418, 0.0442],
        [0.0586, 0.0635, 0.1377, 0.2021, 0.1109, 0.3056, 0.1215],
        [0.0415, 0.0857, 0.1723, 0.2417, 0.3086, 0.0806, 0.0695],
        [0.1801, 0.1567, 0.1433, 0.1444, 0.1067, 0.1631, 0.1058]],
       device='cuda:0')

line 303 => train data수 80
line 258 => 인스턴스 수 12
=======test_loader=======
=======dev_loader=======
=======train_labeled_loader=======
=======finish=======
>>Epoch 16 Step 150 acc_test 0.354508 f1_test 0.261290 acc_val 0.280130 f1_val 0.266071 acc_train 0.912500 f1_train 0.910990 psl_cor 2 psl_totl 11 pslt_global 0.700000  Tim 0:10:23
acc_train_cw(현재 train의 class별 acc) [1.0, 0.9, 0.8, 0.8, 1.0, 1.0, 0.882]
cw_psl_total_eval(이전 pseudo label 클래스별 총 샘플 수):  [4, 0, 0, 0, 0, 0, 7]
cw_psl_correct_eval(이전 pseudo label 클래스별 맞은 샘플 수):  [2, 0, 0, 0, 0, 0, 0]
psl_acc(이전 PSL 평가에서의 정확도):  0.182 
cw_psl_acc(이전 클래스별 PSL 평가에서의 정확도):  [0.5, nan, nan, nan, nan, nan, 0.0]
train batch instace수가 7안됨 pass
tensor([[0.0512, 0.0915, 0.1807, 0.1246, 0.3433, 0.1529, 0.0558],
        [0.2695, 0.0901, 0.2954, 0.0564, 0.1720, 0.0574, 0.0591],
        [0.2031, 0.1666, 0.1364, 0.2638, 0.0625, 0.0813, 0.0864],
        [0.0776, 0.0968, 0.1578, 0.1459, 0.3361, 0.1297, 0.0560],
        [0.1021, 0.0302, 0.0811, 0.2078, 0.1099, 0.3322, 0.1367],
        [0.1535, 0.0635, 0.1941, 0.1485, 0.2916, 0.0729, 0.0757],
        [0.2069, 0.0840, 0.1134, 0.1505, 0.1338, 0.2007, 0.1108]],
       device='cuda:0')

line 303 => train data수 132
line 258 => 인스턴스 수 19
=======test_loader=======
=======dev_loader=======
=======train_labeled_loader=======
=======finish=======
>>Epoch 17 Step 162 acc_test 0.286885 f1_test 0.184364 acc_val 0.224756 f1_val 0.189062 acc_train 0.901515 f1_train 0.882324 psl_cor 20 psl_totl 59 pslt_global 0.700000  Tim 0:11:09
acc_train_cw(현재 train의 class별 acc) [1.0, 0.68, 0.8, 0.818, 1.0, 0.917, 1.0]
cw_psl_total_eval(이전 pseudo label 클래스별 총 샘플 수):  [0, 17, 0, 1, 0, 2, 39]
cw_psl_correct_eval(이전 pseudo label 클래스별 맞은 샘플 수):  [0, 10, 0, 1, 0, 0, 9]
psl_acc(이전 PSL 평가에서의 정확도):  0.339 
cw_psl_acc(이전 클래스별 PSL 평가에서의 정확도):  [nan, 0.5882353186607361, nan, 1.0, nan, 0.0, 0.23076923191547394]
train batch instace수가 7안됨 pass
tensor([[0.0163, 0.3669, 0.1131, 0.0687, 0.3221, 0.0786, 0.0344],
        [0.1542, 0.1876, 0.3197, 0.0897, 0.1693, 0.0405, 0.0390],
        [0.0963, 0.4880, 0.1022, 0.1371, 0.0856, 0.0492, 0.0417],
        [0.0439, 0.5323, 0.1243, 0.1111, 0.1186, 0.0467, 0.0230],
        [0.0285, 0.0570, 0.0862, 0.2488, 0.1560, 0.2708, 0.1528],
        [0.0331, 0.2123, 0.1764, 0.1230, 0.3489, 0.0521, 0.0541],
        [0.2722, 0.1760, 0.0650, 0.2100, 0.0612, 0.1113, 0.1043]],
       device='cuda:0')

line 303 => train data수 974
line 258 => 인스턴스 수 140
=======test_loader=======
=======dev_loader=======
=======train_labeled_loader=======
=======finish=======
>>Epoch 18 Step 181 acc_test 0.276639 f1_test 0.209108 acc_val 0.228013 f1_val 0.237684 acc_train 0.906571 f1_train 0.835878 psl_cor 389 psl_totl 899 pslt_global 0.700000  Tim 0:12:02
acc_train_cw(현재 train의 class별 acc) [0.961, 0.985, 0.679, 0.635, 0.926, 0.645, 0.998]
cw_psl_total_eval(이전 pseudo label 클래스별 총 샘플 수):  [248, 47, 18, 85, 17, 83, 401]
cw_psl_correct_eval(이전 pseudo label 클래스별 맞은 샘플 수):  [169, 28, 11, 28, 10, 40, 103]
psl_acc(이전 PSL 평가에서의 정확도):  0.433 
cw_psl_acc(이전 클래스별 PSL 평가에서의 정확도):  [0.6814516186714172, 0.5957446694374084, 0.6111111044883728, 0.3294117748737335, 0.5882353186607361, 0.4819277226924896, 0.25685784220695496]
train batch instace수가 7안됨 pass
tensor([[0.0217, 0.1276, 0.1032, 0.1205, 0.3395, 0.2472, 0.0402],
        [0.8282, 0.0243, 0.0691, 0.0175, 0.0310, 0.0101, 0.0198],
        [0.1012, 0.6331, 0.0186, 0.1977, 0.0237, 0.0176, 0.0080],
        [0.0436, 0.4079, 0.0932, 0.1584, 0.1681, 0.1193, 0.0096],
        [0.0116, 0.0264, 0.0192, 0.6625, 0.0206, 0.2412, 0.0184],
        [0.0975, 0.0734, 0.2311, 0.2506, 0.2853, 0.0329, 0.0292],
        [0.6265, 0.0993, 0.0276, 0.1949, 0.0135, 0.0277, 0.0105]],
       device='cuda:0')
**bs에 맞지않음!!!!!**


line 303 => train data수 2727
line 258 => 인스턴스 수 390
=======test_loader=======
=======dev_loader=======
=======train_labeled_loader=======
=======finish=======
>>Epoch 19 Step 321 acc_test 0.354508 f1_test 0.270744 acc_val 0.283388 f1_val 0.224286 acc_train 0.887422 f1_train 0.859568 psl_cor 1068 psl_totl 2652 pslt_global 0.700000  Tim 0:13:29
acc_train_cw(현재 train의 class별 acc) [1.0, 0.784, 0.663, 0.861, 0.822, 0.883, 0.935]
cw_psl_total_eval(이전 pseudo label 클래스별 총 샘플 수):  [608, 435, 85, 427, 272, 294, 531]
cw_psl_correct_eval(이전 pseudo label 클래스별 맞은 샘플 수):  [364, 218, 35, 146, 80, 100, 125]
psl_acc(이전 PSL 평가에서의 정확도):  0.403 
cw_psl_acc(이전 클래스별 PSL 평가에서의 정확도):  [0.5986841917037964, 0.5011494159698486, 0.4117647111415863, 0.3419203758239746, 0.29411765933036804, 0.3401360511779785, 0.23540489375591278]
train batch instace수가 7안됨 pass
tensor([[0.0032, 0.0117, 0.0252, 0.0065, 0.8701, 0.0761, 0.0071],
        [0.8064, 0.0166, 0.1448, 0.0041, 0.0159, 0.0023, 0.0101],
        [0.0244, 0.9499, 0.0033, 0.0137, 0.0031, 0.0035, 0.0021],
        [0.0090, 0.0135, 0.0492, 0.0320, 0.3574, 0.5339, 0.0051],
        [0.0030, 0.0050, 0.0057, 0.6536, 0.0103, 0.3076, 0.0147],
        [0.0040, 0.0056, 0.0827, 0.0609, 0.8304, 0.0040, 0.0125],
        [0.8595, 0.0280, 0.0078, 0.0844, 0.0025, 0.0058, 0.0120]],
       device='cuda:0')
**bs에 맞지않음!!!!!**


line 303 => train data수 3613
line 258 => 인스턴스 수 517
=======test_loader=======
=======dev_loader=======
=======train_labeled_loader=======
=======finish=======
>>Epoch 20 Step 711 acc_test 0.338115 f1_test 0.256923 acc_val 0.283388 f1_val 0.247105 acc_train 0.908663 f1_train 0.893888 psl_cor 1315 psl_totl 3546 pslt_global 0.700000  Tim 0:15:50
acc_train_cw(현재 train의 class별 acc) [0.999, 0.796, 0.798, 0.817, 0.94, 0.925, 0.972]
cw_psl_total_eval(이전 pseudo label 클래스별 총 샘플 수):  [789, 594, 102, 595, 533, 329, 604]
cw_psl_correct_eval(이전 pseudo label 클래스별 맞은 샘플 수):  [439, 275, 40, 190, 126, 115, 130]
psl_acc(이전 PSL 평가에서의 정확도):  0.371 
cw_psl_acc(이전 클래스별 PSL 평가에서의 정확도):  [0.5564004778862, 0.46296295523643494, 0.3921568691730499, 0.3193277418613434, 0.23639774322509766, 0.34954407811164856, 0.215231791138649]
train batch instace수가 7안됨 pass
tensor([[1.3815e-03, 8.2996e-03, 9.1741e-03, 4.2458e-03, 9.6122e-01, 1.3913e-02,
         1.7650e-03],
        [3.3454e-01, 1.0065e-02, 5.8830e-01, 5.7717e-03, 4.5333e-02, 5.9386e-03,
         1.0058e-02],
        [7.2137e-03, 9.8237e-01, 1.1660e-03, 2.5091e-03, 3.6321e-03, 1.7094e-03,
         1.3970e-03],
        [4.5170e-03, 9.6738e-03, 3.3798e-02, 9.9972e-03, 8.2562e-01, 1.1529e-01,
         1.1098e-03],
        [1.5021e-03, 3.7369e-03, 2.3719e-03, 9.3153e-01, 3.8205e-03, 5.5069e-02,
         1.9715e-03],
        [1.9104e-03, 4.6703e-03, 4.8457e-02, 5.0217e-02, 8.8620e-01, 3.0950e-03,
         5.4499e-03],
        [9.5954e-01, 2.5299e-02, 1.9404e-03, 8.5184e-03, 7.0947e-04, 2.7732e-03,
         1.2161e-03]], device='cuda:0')
**bs에 맞지않음!!!!!**


line 303 => train data수 3801
line 258 => 인스턴스 수 543
=======test_loader=======
=======dev_loader=======
=======train_labeled_loader=======
=======finish=======
>>Epoch 21 Step 1228 acc_test 0.348361 f1_test 0.263866 acc_val 0.296417 f1_val 0.259588 acc_train 0.943699 f1_train 0.935875 psl_cor 1355 psl_totl 3685 pslt_global 0.700000  Tim 0:18:43
acc_train_cw(현재 train의 class별 acc) [0.996, 0.892, 0.865, 0.885, 0.962, 0.949, 0.983]
cw_psl_total_eval(이전 pseudo label 클래스별 총 샘플 수):  [772, 662, 84, 634, 615, 332, 586]
cw_psl_correct_eval(이전 pseudo label 클래스별 맞은 샘플 수):  [427, 301, 31, 204, 157, 109, 126]
psl_acc(이전 PSL 평가에서의 정확도):  0.368 
cw_psl_acc(이전 클래스별 PSL 평가에서의 정확도):  [0.553108811378479, 0.45468276739120483, 0.369047611951828, 0.32176655530929565, 0.25528454780578613, 0.32831326127052307, 0.21501706540584564]
tensor([[3.2438e-03, 1.0091e-02, 1.3627e-02, 1.0988e-02, 5.0376e-01, 4.5563e-01,
         2.6607e-03],
        [1.2994e-01, 3.6297e-03, 8.0235e-01, 9.3957e-03, 1.2917e-02, 3.8524e-03,
         3.7919e-02],
        [2.5661e-02, 9.6779e-01, 1.0741e-03, 1.2543e-03, 1.1569e-03, 1.3795e-03,
         1.6862e-03],
        [9.1525e-03, 4.1934e-02, 1.2986e-01, 3.2006e-02, 5.5539e-01, 2.2952e-01,
         2.1430e-03],
        [1.1735e-03, 1.5452e-03, 1.5877e-03, 9.7084e-01, 1.8658e-03, 2.0926e-02,
         2.0610e-03],
        [1.5714e-03, 2.8234e-03, 2.0214e-02, 5.6238e-02, 9.0442e-01, 1.7245e-03,
         1.3004e-02],
        [9.8928e-01, 5.0336e-03, 9.8170e-04, 2.5957e-03, 2.0883e-04, 1.1012e-03,
         8.0337e-04]], device='cuda:0')
**bs에 맞지않음!!!!!**


line 303 => train data수 3878
line 258 => 인스턴스 수 554
=======test_loader=======
=======dev_loader=======
=======train_labeled_loader=======
=======finish=======
>>Epoch 22 Step 1771 acc_test 0.317623 f1_test 0.249685 acc_val 0.322476 f1_val 0.270796 acc_train 0.936307 f1_train 0.933064 psl_cor 1366 psl_totl 3774 pslt_global 0.700000  Tim 0:21:43
acc_train_cw(현재 train의 class별 acc) [0.997, 0.815, 0.923, 0.91, 0.944, 0.953, 0.981]
cw_psl_total_eval(이전 pseudo label 클래스별 총 샘플 수):  [912, 572, 159, 690, 471, 348, 622]
cw_psl_correct_eval(이전 pseudo label 클래스별 맞은 샘플 수):  [474, 238, 58, 225, 123, 113, 135]
psl_acc(이전 PSL 평가에서의 정확도):  0.362 
cw_psl_acc(이전 클래스별 PSL 평가에서의 정확도):  [0.5197368264198303, 0.4160839021205902, 0.36477985978126526, 0.32608696818351746, 0.2611464858055115, 0.3247126340866089, 0.21704180538654327]
tensor([[8.2283e-04, 5.9067e-03, 9.5950e-03, 1.1914e-02, 8.5402e-01, 1.1648e-01,
         1.2568e-03],
        [2.5784e-01, 8.1785e-03, 7.1964e-01, 3.6691e-03, 3.6371e-03, 2.5576e-03,
         4.4769e-03],
        [1.2828e-02, 9.8332e-01, 4.1285e-04, 8.6719e-04, 6.3646e-04, 9.6063e-04,
         9.7818e-04],
        [4.0287e-03, 1.5133e-02, 2.8884e-02, 1.5751e-02, 6.7742e-01, 2.5688e-01,
         1.9022e-03],
        [4.7652e-04, 1.8411e-03, 8.1961e-04, 9.7024e-01, 2.1023e-03, 2.3391e-02,
         1.1274e-03],
        [5.0869e-04, 6.4695e-04, 7.9672e-03, 7.9829e-03, 9.8003e-01, 4.9370e-04,
         2.3660e-03],
        [9.9145e-01, 4.8244e-03, 4.1945e-04, 1.7517e-03, 1.7517e-04, 8.9174e-04,
         4.8682e-04]], device='cuda:0')
**bs에 맞지않음!!!!!**


line 303 => train data수 3890
line 258 => 인스턴스 수 556
=======test_loader=======
=======dev_loader=======
=======train_labeled_loader=======
=======finish=======
>>Epoch 23 Step 2325 acc_test 0.321721 f1_test 0.253701 acc_val 0.286645 f1_val 0.258740 acc_train 0.960925 f1_train 0.955304 psl_cor 1372 psl_totl 3824 pslt_global 0.700000  Tim 0:24:44
acc_train_cw(현재 train의 class별 acc) [0.999, 0.921, 0.911, 0.916, 0.973, 0.971, 0.992]
cw_psl_total_eval(이전 pseudo label 클래스별 총 샘플 수):  [888, 627, 184, 628, 499, 365, 633]
cw_psl_correct_eval(이전 pseudo label 클래스별 맞은 샘플 수):  [462, 265, 59, 203, 133, 116, 134]
psl_acc(이전 PSL 평가에서의 정확도):  0.359 
cw_psl_acc(이전 클래스별 PSL 평가에서의 정확도):  [0.5202702879905701, 0.42264753580093384, 0.32065218687057495, 0.32324841618537903, 0.2665330767631531, 0.31780821084976196, 0.21169036626815796]
train batch instace수가 7안됨 pass
tensor([[3.3430e-04, 1.7995e-03, 2.9283e-03, 3.5748e-03, 9.7073e-01, 1.9979e-02,
         6.4991e-04],
        [3.6594e-02, 1.8231e-03, 9.4920e-01, 3.8849e-03, 3.9756e-03, 1.0309e-03,
         3.4910e-03],
        [3.2812e-03, 9.9268e-01, 1.7964e-04, 1.5273e-03, 7.1300e-04, 9.4002e-04,
         6.7415e-04],
        [1.3779e-03, 4.2151e-03, 3.3670e-02, 2.6443e-03, 8.1357e-01, 1.4363e-01,
         8.9236e-04],
        [1.2573e-03, 3.3169e-03, 1.2672e-03, 9.4021e-01, 1.6603e-03, 5.1100e-02,
         1.1875e-03],
        [1.3513e-04, 5.9413e-04, 3.9890e-03, 2.5209e-03, 9.9130e-01, 6.6924e-04,
         7.9464e-04],
        [9.5302e-01, 3.7070e-02, 6.0917e-04, 6.0679e-03, 3.1833e-04, 2.3271e-03,
         5.8251e-04]], device='cuda:0')
**bs에 맞지않음!!!!!**


line 303 => train data수 3898
line 258 => 인스턴스 수 557
=======test_loader=======
=======dev_loader=======
=======train_labeled_loader=======
=======finish=======
>>Epoch 24 Step 2881 acc_test 0.344262 f1_test 0.265303 acc_val 0.296417 f1_val 0.257785 acc_train 0.968445 f1_train 0.963481 psl_cor 1385 psl_totl 3827 pslt_global 0.700000  Tim 0:27:43
acc_train_cw(현재 train의 class별 acc) [0.998, 0.95, 0.952, 0.946, 0.967, 0.962, 0.982]
cw_psl_total_eval(이전 pseudo label 클래스별 총 샘플 수):  [848, 655, 180, 666, 500, 387, 591]
cw_psl_correct_eval(이전 pseudo label 클래스별 맞은 샘플 수):  [450, 278, 58, 215, 133, 123, 128]
psl_acc(이전 PSL 평가에서의 정확도):  0.362 
cw_psl_acc(이전 클래스별 PSL 평가에서의 정확도):  [0.5306603908538818, 0.42442747950553894, 0.3222222328186035, 0.32282280921936035, 0.26600000262260437, 0.3178294599056244, 0.2165820598602295]
Early stopping trigger at step:  2881
Best model at step:  30
**조기종료됨**

가장 높은 acc_val :  0.39087947882736157
tensor([[3.0363e-04, 3.4191e-03, 3.0518e-03, 1.7777e-03, 9.8561e-01, 5.1562e-03,
         6.8433e-04],
        [1.4030e-02, 1.4023e-03, 9.7578e-01, 3.2362e-03, 2.4043e-03, 1.7251e-03,
         1.4267e-03],
        [1.0655e-02, 9.8308e-01, 3.8946e-04, 1.7443e-03, 9.1065e-04, 1.8803e-03,
         1.3380e-03],
        [1.3997e-03, 4.3397e-03, 2.3534e-02, 3.0248e-03, 8.9918e-01, 6.7742e-02,
         7.8033e-04],
        [8.3040e-04, 1.9981e-03, 1.4662e-03, 9.6210e-01, 2.0834e-03, 3.0670e-02,
         8.4901e-04],
        [2.4828e-04, 9.8629e-04, 1.2068e-02, 9.5815e-03, 9.7522e-01, 6.3329e-04,
         1.2621e-03],
        [9.7786e-01, 1.4414e-02, 5.5231e-04, 4.6032e-03, 3.6408e-04, 1.6344e-03,
         5.7205e-04]], device='cuda:0')
**bs에 맞지않음!!!!!**

acc_val 증가안된 epoch시점 :  4
early_stop_flag

Training complete!
Total training took 0:28:14 (h:mm:ss)
Load model from ./experiment/few_shot/output/10_codebert-base_1e-05_0.7_20_python_extended_data_net0.pth
Save training statistics in:  ./experiment/few_shot/log/20240403-233442/0/training_statistics.csv

Best_step:  30 
best_test_acc:  0.2336065573770492 
best_test_f1:  0.09755169703321509
Save best record in:  ./experiment/few_shot/log/20240403-233442/summary.csv
Save best record in:  ./experiment/few_shot/log/summary_avgrun.csv
