current work directory:  /home/imsuhan22/few-shot-tc/JointMatch_SSL/codebert/code
python_extended_data
save_name: 10_codebert-base_1e-05_0.7_10_python_extended_data

data_path:  ../data/../data/problem_based_split/python_extended_data

There are 1 GPU(s) available.
We will use the GPU- 0 NVIDIA GeForce RTX 3090

**line 147 모델 =>  microsoft/codebert-base
**tokenizer type =  microsoft/codebert-base 

n_labeled_per_class:  10
train_df samples: 3974
train_labeled_df samples: 70
train_unlabeled_df samples: 3904
n_classes:  7 

net_arch:  microsoft/codebert-base lr:  1e-05

line 303 => train data수 70
line 258 => 인스턴스 수 10
=======test_loader=======
=======dev_loader=======
=======train_labeled_loader=======
=======finish=======
>>Epoch 1 Step 0 acc_test 0.297131 f1_test 0.065448 acc_val 0.026059 f1_val 0.007256 acc_train 0.142857 f1_train 0.035714 psl_cor 0 psl_totl 0 pslt_global 0.000000  Tim 0:00:10
acc_train_cw(현재 train의 class별 acc) [0.0, 0.0, 0.0, 0.0, 0.0, 1.0, 0.0]
cw_psl_total_eval(이전 pseudo label 클래스별 총 샘플 수):  [0, 0, 0, 0, 0, 0, 0]
cw_psl_correct_eval(이전 pseudo label 클래스별 맞은 샘플 수):  [0, 0, 0, 0, 0, 0, 0]
psl_acc(PSL 평가에서의 정확도): None 
cw_psl_acc(이전 클래스별 PSL 평가에서의 정확도):  [nan, nan, nan, nan, nan, nan, nan]
Save model to ./experiment/few_shot/output/
tensor([[0.1433, 0.1383, 0.1040, 0.1363, 0.1102, 0.1850, 0.1829],
        [0.1494, 0.1230, 0.0980, 0.1514, 0.1127, 0.1992, 0.1663],
        [0.1487, 0.1267, 0.1122, 0.1807, 0.1057, 0.1797, 0.1463],
        [0.1262, 0.1106, 0.1083, 0.1846, 0.1146, 0.2091, 0.1465],
        [0.1854, 0.1167, 0.1123, 0.1725, 0.1012, 0.1846, 0.1273],
        [0.1562, 0.1238, 0.1209, 0.1624, 0.1086, 0.1929, 0.1352],
        [0.1423, 0.1200, 0.1290, 0.1564, 0.1081, 0.1901, 0.1541]],
       device='cuda:0')

line 303 => train data수 70
line 258 => 인스턴스 수 10
=======test_loader=======
=======dev_loader=======
=======train_labeled_loader=======
=======finish=======
>>Epoch 2 Step 10 acc_test 0.297131 f1_test 0.065552 acc_val 0.026059 f1_val 0.007256 acc_train 0.142857 f1_train 0.035714 psl_cor 0 psl_totl 0 pslt_global 0.700000  Tim 0:00:48
acc_train_cw(현재 train의 class별 acc) [0.0, 0.0, 0.0, 0.0, 0.0, 1.0, 0.0]
cw_psl_total_eval(이전 pseudo label 클래스별 총 샘플 수):  [0, 0, 0, 0, 0, 0, 0]
cw_psl_correct_eval(이전 pseudo label 클래스별 맞은 샘플 수):  [0, 0, 0, 0, 0, 0, 0]
psl_acc(PSL 평가에서의 정확도): None 
cw_psl_acc(이전 클래스별 PSL 평가에서의 정확도):  [nan, nan, nan, nan, nan, nan, nan]
tensor([[0.1500, 0.1234, 0.1176, 0.1663, 0.1221, 0.1668, 0.1538],
        [0.1337, 0.1086, 0.1664, 0.1608, 0.1399, 0.1357, 0.1550],
        [0.1470, 0.1359, 0.1408, 0.1504, 0.1220, 0.1578, 0.1460],
        [0.1372, 0.1364, 0.1286, 0.1849, 0.1013, 0.1594, 0.1522],
        [0.1358, 0.1402, 0.1111, 0.1676, 0.1309, 0.1535, 0.1609],
        [0.1692, 0.1491, 0.1264, 0.1407, 0.1108, 0.1514, 0.1525],
        [0.1560, 0.1278, 0.1299, 0.1384, 0.1291, 0.1599, 0.1590]],
       device='cuda:0')

line 303 => train data수 70
line 258 => 인스턴스 수 10
=======test_loader=======
=======dev_loader=======
=======train_labeled_loader=======
=======finish=======
>>Epoch 3 Step 20 acc_test 0.313525 f1_test 0.120767 acc_val 0.208469 f1_val 0.159966 acc_train 0.285714 f1_train 0.184524 psl_cor 0 psl_totl 0 pslt_global 0.700000  Tim 0:01:26
acc_train_cw(현재 train의 class별 acc) [0.3, 0.0, 0.0, 0.7, 0.0, 1.0, 0.0]
cw_psl_total_eval(이전 pseudo label 클래스별 총 샘플 수):  [0, 0, 0, 0, 0, 0, 0]
cw_psl_correct_eval(이전 pseudo label 클래스별 맞은 샘플 수):  [0, 0, 0, 0, 0, 0, 0]
psl_acc(PSL 평가에서의 정확도): None 
cw_psl_acc(이전 클래스별 PSL 평가에서의 정확도):  [nan, nan, nan, nan, nan, nan, nan]
Save model to ./experiment/few_shot/output/
tensor([[0.1174, 0.1499, 0.1693, 0.1496, 0.1022, 0.1432, 0.1685],
        [0.1476, 0.1452, 0.1374, 0.1554, 0.1273, 0.1562, 0.1309],
        [0.1627, 0.1519, 0.1290, 0.1628, 0.1109, 0.1566, 0.1262],
        [0.1363, 0.1458, 0.1204, 0.1492, 0.1448, 0.1611, 0.1424],
        [0.1414, 0.1351, 0.1264, 0.1707, 0.1425, 0.1312, 0.1527],
        [0.1266, 0.1813, 0.1367, 0.1503, 0.1253, 0.1391, 0.1407],
        [0.1454, 0.1320, 0.1588, 0.1169, 0.1909, 0.1345, 0.1216]],
       device='cuda:0')

line 303 => train data수 70
line 258 => 인스턴스 수 10
=======test_loader=======
=======dev_loader=======
=======train_labeled_loader=======
=======finish=======
>>Epoch 4 Step 30 acc_test 0.233607 f1_test 0.097552 acc_val 0.390879 f1_val 0.176679 acc_train 0.228571 f1_train 0.142684 psl_cor 0 psl_totl 0 pslt_global 0.700000  Tim 0:02:16
acc_train_cw(현재 train의 class별 acc) [0.2, 0.0, 0.0, 0.9, 0.0, 0.5, 0.0]
cw_psl_total_eval(이전 pseudo label 클래스별 총 샘플 수):  [0, 0, 0, 0, 0, 0, 0]
cw_psl_correct_eval(이전 pseudo label 클래스별 맞은 샘플 수):  [0, 0, 0, 0, 0, 0, 0]
psl_acc(PSL 평가에서의 정확도): None 
cw_psl_acc(이전 클래스별 PSL 평가에서의 정확도):  [nan, nan, nan, nan, nan, nan, nan]
Save model to ./experiment/few_shot/output/
tensor([[0.1387, 0.1466, 0.1438, 0.1455, 0.1381, 0.1545, 0.1328],
        [0.1546, 0.1604, 0.1301, 0.1489, 0.1206, 0.1542, 0.1313],
        [0.1291, 0.1396, 0.1490, 0.1731, 0.1274, 0.1534, 0.1284],
        [0.1375, 0.1459, 0.1160, 0.1473, 0.1727, 0.1533, 0.1272],
        [0.1138, 0.1146, 0.1533, 0.1622, 0.1507, 0.1349, 0.1704],
        [0.1579, 0.1314, 0.1216, 0.1687, 0.1384, 0.1368, 0.1452],
        [0.1535, 0.1269, 0.1403, 0.1538, 0.1404, 0.1486, 0.1365]],
       device='cuda:0')

line 303 => train data수 70
line 258 => 인스턴스 수 10
=======test_loader=======
=======dev_loader=======
=======train_labeled_loader=======
=======finish=======
>>Epoch 5 Step 40 acc_test 0.325820 f1_test 0.156495 acc_val 0.342020 f1_val 0.233950 acc_train 0.342857 f1_train 0.252514 psl_cor 0 psl_totl 0 pslt_global 0.700000  Tim 0:03:06
acc_train_cw(현재 train의 class별 acc) [0.5, 0.3, 0.0, 0.9, 0.0, 0.7, 0.0]
cw_psl_total_eval(이전 pseudo label 클래스별 총 샘플 수):  [0, 0, 0, 0, 0, 0, 0]
cw_psl_correct_eval(이전 pseudo label 클래스별 맞은 샘플 수):  [0, 0, 0, 0, 0, 0, 0]
psl_acc(PSL 평가에서의 정확도): None 
cw_psl_acc(이전 클래스별 PSL 평가에서의 정확도):  [nan, nan, nan, nan, nan, nan, nan]
tensor([[0.1241, 0.1553, 0.1306, 0.1634, 0.1076, 0.1502, 0.1688],
        [0.1374, 0.1512, 0.1342, 0.1708, 0.1349, 0.1564, 0.1150],
        [0.1103, 0.1406, 0.1481, 0.1393, 0.1569, 0.1496, 0.1553],
        [0.1467, 0.1355, 0.1476, 0.1638, 0.1215, 0.1706, 0.1142],
        [0.1420, 0.1482, 0.1145, 0.1424, 0.1380, 0.1484, 0.1664],
        [0.1479, 0.1692, 0.1397, 0.1373, 0.1331, 0.1389, 0.1341],
        [0.1742, 0.1339, 0.1259, 0.1460, 0.1272, 0.1533, 0.1395]],
       device='cuda:0')

line 303 => train data수 70
line 258 => 인스턴스 수 10
=======test_loader=======
=======dev_loader=======
=======train_labeled_loader=======
=======finish=======
>>Epoch 6 Step 50 acc_test 0.344262 f1_test 0.156651 acc_val 0.332248 f1_val 0.186083 acc_train 0.371429 f1_train 0.299320 psl_cor 0 psl_totl 0 pslt_global 0.700000  Tim 0:03:51
acc_train_cw(현재 train의 class별 acc) [0.5, 0.2, 0.0, 0.9, 0.0, 0.8, 0.2]
cw_psl_total_eval(이전 pseudo label 클래스별 총 샘플 수):  [0, 0, 0, 0, 0, 0, 0]
cw_psl_correct_eval(이전 pseudo label 클래스별 맞은 샘플 수):  [0, 0, 0, 0, 0, 0, 0]
psl_acc(PSL 평가에서의 정확도): None 
cw_psl_acc(이전 클래스별 PSL 평가에서의 정확도):  [nan, nan, nan, nan, nan, nan, nan]
tensor([[0.1359, 0.1550, 0.1321, 0.1741, 0.1340, 0.1429, 0.1261],
        [0.1393, 0.1835, 0.1393, 0.1400, 0.1210, 0.1719, 0.1051],
        [0.1264, 0.1481, 0.1307, 0.1661, 0.1670, 0.1314, 0.1302],
        [0.1193, 0.1268, 0.1207, 0.1715, 0.1689, 0.1512, 0.1415],
        [0.1287, 0.1618, 0.1451, 0.1648, 0.1424, 0.1345, 0.1227],
        [0.1133, 0.1244, 0.1584, 0.1689, 0.1650, 0.0992, 0.1707],
        [0.1316, 0.1331, 0.1348, 0.2082, 0.1491, 0.1240, 0.1192]],
       device='cuda:0')

line 303 => train data수 70
line 258 => 인스턴스 수 10
=======test_loader=======
=======dev_loader=======
=======train_labeled_loader=======
=======finish=======
>>Epoch 7 Step 60 acc_test 0.381148 f1_test 0.234623 acc_val 0.322476 f1_val 0.232517 acc_train 0.542857 f1_train 0.511227 psl_cor 0 psl_totl 0 pslt_global 0.700000  Tim 0:04:36
acc_train_cw(현재 train의 class별 acc) [0.6, 0.6, 0.0, 0.9, 0.7, 0.6, 0.4]
cw_psl_total_eval(이전 pseudo label 클래스별 총 샘플 수):  [0, 0, 0, 0, 0, 0, 0]
cw_psl_correct_eval(이전 pseudo label 클래스별 맞은 샘플 수):  [0, 0, 0, 0, 0, 0, 0]
psl_acc(PSL 평가에서의 정확도): None 
cw_psl_acc(이전 클래스별 PSL 평가에서의 정확도):  [nan, nan, nan, nan, nan, nan, nan]
tensor([[0.1020, 0.1310, 0.1558, 0.1371, 0.1581, 0.1742, 0.1418],
        [0.1224, 0.1460, 0.1687, 0.1446, 0.1318, 0.1600, 0.1266],
        [0.1266, 0.1337, 0.1322, 0.1663, 0.1395, 0.1559, 0.1457],
        [0.1138, 0.1817, 0.1195, 0.1211, 0.1353, 0.1570, 0.1715],
        [0.1016, 0.1116, 0.1637, 0.1316, 0.1457, 0.1581, 0.1877],
        [0.1175, 0.1020, 0.1692, 0.1496, 0.1722, 0.1184, 0.1711],
        [0.1451, 0.1486, 0.1332, 0.1392, 0.1445, 0.1416, 0.1477]],
       device='cuda:0')

line 303 => train data수 70
line 258 => 인스턴스 수 10
=======test_loader=======
=======dev_loader=======
=======train_labeled_loader=======
=======finish=======
>>Epoch 8 Step 70 acc_test 0.323770 f1_test 0.211043 acc_val 0.192182 f1_val 0.210723 acc_train 0.600000 f1_train 0.595322 psl_cor 0 psl_totl 0 pslt_global 0.700000  Tim 0:05:21
acc_train_cw(현재 train의 class별 acc) [0.6, 0.7, 0.6, 0.3, 0.6, 0.8, 0.6]
cw_psl_total_eval(이전 pseudo label 클래스별 총 샘플 수):  [0, 0, 0, 0, 0, 0, 0]
cw_psl_correct_eval(이전 pseudo label 클래스별 맞은 샘플 수):  [0, 0, 0, 0, 0, 0, 0]
psl_acc(PSL 평가에서의 정확도): None 
cw_psl_acc(이전 클래스별 PSL 평가에서의 정확도):  [nan, nan, nan, nan, nan, nan, nan]
tensor([[0.1350, 0.1352, 0.1436, 0.1687, 0.1229, 0.1372, 0.1574],
        [0.1594, 0.1356, 0.1438, 0.1415, 0.1374, 0.1534, 0.1289],
        [0.1620, 0.1306, 0.1214, 0.1764, 0.1198, 0.1449, 0.1449],
        [0.0697, 0.1160, 0.1947, 0.1787, 0.1556, 0.1274, 0.1579],
        [0.1023, 0.1372, 0.1288, 0.1552, 0.1199, 0.1804, 0.1763],
        [0.1625, 0.1307, 0.1608, 0.1653, 0.1606, 0.1017, 0.1183],
        [0.1547, 0.1411, 0.1274, 0.1274, 0.1441, 0.1721, 0.1332]],
       device='cuda:0')

line 303 => train data수 70
line 258 => 인스턴스 수 10
=======test_loader=======
=======dev_loader=======
=======train_labeled_loader=======
=======finish=======
>>Epoch 9 Step 80 acc_test 0.336066 f1_test 0.214184 acc_val 0.381107 f1_val 0.302759 acc_train 0.528571 f1_train 0.461631 psl_cor 0 psl_totl 0 pslt_global 0.700000  Tim 0:06:06
acc_train_cw(현재 train의 class별 acc) [0.9, 0.4, 0.0, 0.9, 0.1, 0.6, 0.8]
cw_psl_total_eval(이전 pseudo label 클래스별 총 샘플 수):  [0, 0, 0, 0, 0, 0, 0]
cw_psl_correct_eval(이전 pseudo label 클래스별 맞은 샘플 수):  [0, 0, 0, 0, 0, 0, 0]
psl_acc(PSL 평가에서의 정확도): None 
cw_psl_acc(이전 클래스별 PSL 평가에서의 정확도):  [nan, nan, nan, nan, nan, nan, nan]
tensor([[0.1230, 0.1435, 0.1402, 0.1676, 0.1560, 0.1569, 0.1128],
        [0.1804, 0.1248, 0.1791, 0.1363, 0.1430, 0.1354, 0.1010],
        [0.1377, 0.1656, 0.1560, 0.1403, 0.1394, 0.1480, 0.1131],
        [0.1470, 0.1244, 0.1503, 0.1581, 0.1335, 0.1635, 0.1232],
        [0.0963, 0.1044, 0.1659, 0.1720, 0.1892, 0.1317, 0.1407],
        [0.1458, 0.1395, 0.1783, 0.1678, 0.1529, 0.1215, 0.0942],
        [0.1466, 0.1687, 0.1204, 0.1392, 0.1377, 0.1719, 0.1156]],
       device='cuda:0')

line 303 => train data수 70
line 258 => 인스턴스 수 10
=======test_loader=======
=======dev_loader=======
=======train_labeled_loader=======
=======finish=======
>>Epoch 10 Step 90 acc_test 0.317623 f1_test 0.205919 acc_val 0.205212 f1_val 0.195818 acc_train 0.628571 f1_train 0.626052 psl_cor 0 psl_totl 0 pslt_global 0.700000  Tim 0:06:45
acc_train_cw(현재 train의 class별 acc) [1.0, 0.4, 0.5, 0.7, 0.8, 0.8, 0.2]
cw_psl_total_eval(이전 pseudo label 클래스별 총 샘플 수):  [0, 0, 0, 0, 0, 0, 0]
cw_psl_correct_eval(이전 pseudo label 클래스별 맞은 샘플 수):  [0, 0, 0, 0, 0, 0, 0]
psl_acc(PSL 평가에서의 정확도): None 
cw_psl_acc(이전 클래스별 PSL 평가에서의 정확도):  [nan, nan, nan, nan, nan, nan, nan]
tensor([[0.0766, 0.0926, 0.1623, 0.1550, 0.1745, 0.2214, 0.1175],
        [0.1485, 0.1092, 0.1528, 0.1342, 0.2390, 0.1054, 0.1108],
        [0.1263, 0.1399, 0.1655, 0.1838, 0.1296, 0.1283, 0.1265],
        [0.0724, 0.1116, 0.1300, 0.1873, 0.1486, 0.2121, 0.1380],
        [0.0959, 0.1094, 0.1074, 0.1857, 0.1515, 0.1837, 0.1664],
        [0.1363, 0.1334, 0.1431, 0.1335, 0.2248, 0.1073, 0.1216],
        [0.1382, 0.1123, 0.1269, 0.1750, 0.1067, 0.1898, 0.1512]],
       device='cuda:0')

line 303 => train data수 70
line 258 => 인스턴스 수 10
=======test_loader=======
=======dev_loader=======
=======train_labeled_loader=======
=======finish=======
>>Epoch 11 Step 100 acc_test 0.329918 f1_test 0.205310 acc_val 0.322476 f1_val 0.234296 acc_train 0.685714 f1_train 0.681688 psl_cor 0 psl_totl 0 pslt_global 0.700000  Tim 0:07:30
acc_train_cw(현재 train의 class별 acc) [0.8, 0.4, 0.6, 0.8, 0.8, 0.8, 0.6]
cw_psl_total_eval(이전 pseudo label 클래스별 총 샘플 수):  [0, 0, 0, 0, 0, 0, 0]
cw_psl_correct_eval(이전 pseudo label 클래스별 맞은 샘플 수):  [0, 0, 0, 0, 0, 0, 0]
psl_acc(PSL 평가에서의 정확도): None 
cw_psl_acc(이전 클래스별 PSL 평가에서의 정확도):  [nan, nan, nan, nan, nan, nan, nan]
tensor([[0.0783, 0.1629, 0.1164, 0.1408, 0.2692, 0.1694, 0.0630],
        [0.1924, 0.1679, 0.1227, 0.1223, 0.1576, 0.1376, 0.0995],
        [0.2262, 0.1999, 0.1107, 0.1490, 0.1241, 0.0973, 0.0927],
        [0.0640, 0.1696, 0.1301, 0.2089, 0.1860, 0.1368, 0.1046],
        [0.1204, 0.1101, 0.1321, 0.1785, 0.1537, 0.1898, 0.1153],
        [0.1132, 0.1696, 0.1775, 0.1514, 0.2436, 0.0957, 0.0490],
        [0.1717, 0.1771, 0.1295, 0.1394, 0.1278, 0.1294, 0.1252]],
       device='cuda:0')

line 303 => train data수 70
line 258 => 인스턴스 수 10
=======test_loader=======
=======dev_loader=======
=======train_labeled_loader=======
=======finish=======
>>Epoch 12 Step 110 acc_test 0.286885 f1_test 0.194500 acc_val 0.195440 f1_val 0.213652 acc_train 0.728571 f1_train 0.703855 psl_cor 0 psl_totl 0 pslt_global 0.700000  Tim 0:08:10
acc_train_cw(현재 train의 class별 acc) [1.0, 0.8, 0.2, 0.5, 1.0, 0.8, 0.8]
cw_psl_total_eval(이전 pseudo label 클래스별 총 샘플 수):  [0, 0, 0, 0, 0, 0, 0]
cw_psl_correct_eval(이전 pseudo label 클래스별 맞은 샘플 수):  [0, 0, 0, 0, 0, 0, 0]
psl_acc(PSL 평가에서의 정확도): None 
cw_psl_acc(이전 클래스별 PSL 평가에서의 정확도):  [nan, nan, nan, nan, nan, nan, nan]
tensor([[0.1211, 0.0661, 0.1235, 0.1217, 0.2120, 0.1942, 0.1614],
        [0.1183, 0.0803, 0.1620, 0.1176, 0.1971, 0.1725, 0.1521],
        [0.1718, 0.1185, 0.0753, 0.1616, 0.1086, 0.1700, 0.1940],
        [0.1042, 0.0828, 0.1222, 0.1475, 0.1215, 0.2018, 0.2199],
        [0.1335, 0.0669, 0.1112, 0.1343, 0.0985, 0.2350, 0.2207],
        [0.1788, 0.0844, 0.1273, 0.1341, 0.1923, 0.1187, 0.1644],
        [0.1575, 0.0779, 0.1105, 0.1196, 0.1582, 0.2122, 0.1641]],
       device='cuda:0')

line 303 => train data수 70
line 258 => 인스턴스 수 10
=======test_loader=======
=======dev_loader=======
=======train_labeled_loader=======
=======finish=======
>>Epoch 13 Step 120 acc_test 0.254098 f1_test 0.154700 acc_val 0.198697 f1_val 0.128891 acc_train 0.657143 f1_train 0.653631 psl_cor 0 psl_totl 0 pslt_global 0.700000  Tim 0:08:56
acc_train_cw(현재 train의 class별 acc) [1.0, 0.3, 0.4, 0.6, 0.6, 0.8, 0.9]
cw_psl_total_eval(이전 pseudo label 클래스별 총 샘플 수):  [0, 0, 0, 0, 0, 0, 0]
cw_psl_correct_eval(이전 pseudo label 클래스별 맞은 샘플 수):  [0, 0, 0, 0, 0, 0, 0]
psl_acc(PSL 평가에서의 정확도): None 
cw_psl_acc(이전 클래스별 PSL 평가에서의 정확도):  [nan, nan, nan, nan, nan, nan, nan]
tensor([[0.0795, 0.1644, 0.1907, 0.1655, 0.1231, 0.1637, 0.1131],
        [0.2204, 0.1493, 0.2322, 0.1163, 0.1260, 0.0927, 0.0630],
        [0.2160, 0.2811, 0.0966, 0.1673, 0.0930, 0.0870, 0.0592],
        [0.0614, 0.1250, 0.1531, 0.2301, 0.1439, 0.1857, 0.1008],
        [0.0814, 0.0553, 0.1374, 0.2075, 0.1023, 0.2617, 0.1543],
        [0.1290, 0.1191, 0.1822, 0.2070, 0.1623, 0.1374, 0.0630],
        [0.1825, 0.1474, 0.1051, 0.1833, 0.1022, 0.1607, 0.1188]],
       device='cuda:0')

line 303 => train data수 70
line 258 => 인스턴스 수 10
=======test_loader=======
=======dev_loader=======
=======train_labeled_loader=======
=======finish=======
>>Epoch 14 Step 130 acc_test 0.372951 f1_test 0.248256 acc_val 0.260586 f1_val 0.236134 acc_train 0.871429 f1_train 0.873145 psl_cor 0 psl_totl 0 pslt_global 0.700000  Tim 0:09:36
acc_train_cw(현재 train의 class별 acc) [1.0, 0.9, 0.8, 0.8, 0.9, 1.0, 0.7]
cw_psl_total_eval(이전 pseudo label 클래스별 총 샘플 수):  [0, 0, 0, 0, 0, 0, 0]
cw_psl_correct_eval(이전 pseudo label 클래스별 맞은 샘플 수):  [0, 0, 0, 0, 0, 0, 0]
psl_acc(PSL 평가에서의 정확도): None 
cw_psl_acc(이전 클래스별 PSL 평가에서의 정확도):  [nan, nan, nan, nan, nan, nan, nan]
Early stopping trigger at step:  130
Best model at step:  30
**조기종료됨**

가장 높은 acc_val :  0.39087947882736157
tensor([[0.0582, 0.0894, 0.2422, 0.1264, 0.2598, 0.1279, 0.0962],
        [0.1147, 0.1101, 0.3000, 0.1678, 0.1485, 0.0699, 0.0891],
        [0.1456, 0.2197, 0.1333, 0.2370, 0.0951, 0.1013, 0.0680],
        [0.0665, 0.0932, 0.1416, 0.2578, 0.1173, 0.2379, 0.0857],
        [0.0991, 0.0822, 0.1608, 0.1712, 0.0815, 0.2671, 0.1381],
        [0.1148, 0.1415, 0.2203, 0.1951, 0.1460, 0.0987, 0.0838],
        [0.1921, 0.1482, 0.1104, 0.1712, 0.0978, 0.1714, 0.1090]],
       device='cuda:0')
acc_val 증가안된 epoch시점 :  4
early_stop_flag

Training complete!
Total training took 0:10:06 (h:mm:ss)
Load model from ./experiment/few_shot/output/10_codebert-base_1e-05_0.7_10_python_extended_data_net0.pth
Save training statistics in:  ./experiment/few_shot/log/20240403-232407/0/training_statistics.csv

Best_step:  30 
best_test_acc:  0.2336065573770492 
best_test_f1:  0.09755169703321509
Save best record in:  ./experiment/few_shot/log/20240403-232407/summary.csv
Save best record in:  ./experiment/few_shot/log/summary_avgrun.csv
