current work directory:  /home/imsuhan22/few-shot-tc/JointMatch_SSL/codebert/code
java_extended_data
save_name: 1_codebert-base_1e-05_0.7_10_java_extended_data

data_path:  ../data/../data/problem_based_split/java_extended_data

There are 1 GPU(s) available.
We will use the GPU- 0 NVIDIA GeForce RTX 3090

**line 147 모델 =>  microsoft/codebert-base
**tokenizer type =  microsoft/codebert-base 

n_labeled_per_class:  1
train_df samples: 3851
train_labeled_df samples: 7
train_unlabeled_df samples: 3844
n_classes:  7 

net_arch:  microsoft/codebert-base lr:  1e-05

line 303 => train data수 7
line 258 => 인스턴스 수 1
=======test_loader=======
=======dev_loader=======
=======train_labeled_loader=======
=======finish=======
>>Epoch 1 Step 0 acc_test 0.073826 f1_test 0.034030 acc_val 0.175973 f1_val 0.090057 acc_train 0.285714 f1_train 0.183673 psl_cor 0 psl_totl 0 pslt_global 0.000000  Tim 0:00:12
acc_train_cw(현재 train의 class별 acc) [0.0, 1.0, 1.0, 0.0, 0.0, 0.0, 0.0]
cw_psl_total_eval(이전 pseudo label 클래스별 총 샘플 수):  [0, 0, 0, 0, 0, 0, 0]
cw_psl_correct_eval(이전 pseudo label 클래스별 맞은 샘플 수):  [0, 0, 0, 0, 0, 0, 0]
psl_acc(PSL 평가에서의 정확도): None 
cw_psl_acc(이전 클래스별 PSL 평가에서의 정확도):  [nan, nan, nan, nan, nan, nan, nan]
Save model to ./experiment/few_shot/output/
tensor([[0.1389, 0.1762, 0.1668, 0.0895, 0.1591, 0.1329, 0.1366],
        [0.1534, 0.1623, 0.1508, 0.1101, 0.1435, 0.1346, 0.1452],
        [0.1556, 0.1449, 0.1294, 0.1368, 0.1375, 0.1555, 0.1401],
        [0.1181, 0.1617, 0.1676, 0.1015, 0.1679, 0.1410, 0.1423],
        [0.1477, 0.2170, 0.1498, 0.0904, 0.1446, 0.1284, 0.1221],
        [0.1322, 0.1407, 0.1433, 0.1341, 0.1422, 0.1599, 0.1476],
        [0.1582, 0.1624, 0.1771, 0.1006, 0.1440, 0.1239, 0.1338]],
       device='cuda:0')

line 303 => train data수 7
line 258 => 인스턴스 수 1
=======test_loader=======
=======dev_loader=======
=======train_labeled_loader=======
=======finish=======
>>Epoch 2 Step 1 acc_test 0.076063 f1_test 0.035479 acc_val 0.179357 f1_val 0.088023 acc_train 0.285714 f1_train 0.183673 psl_cor 0 psl_totl 0 pslt_global 0.700000  Tim 0:01:01
acc_train_cw(현재 train의 class별 acc) [0.0, 1.0, 1.0, 0.0, 0.0, 0.0, 0.0]
cw_psl_total_eval(이전 pseudo label 클래스별 총 샘플 수):  [0, 0, 0, 0, 0, 0, 0]
cw_psl_correct_eval(이전 pseudo label 클래스별 맞은 샘플 수):  [0, 0, 0, 0, 0, 0, 0]
psl_acc(PSL 평가에서의 정확도): None 
cw_psl_acc(이전 클래스별 PSL 평가에서의 정확도):  [nan, nan, nan, nan, nan, nan, nan]
Save model to ./experiment/few_shot/output/
tensor([[0.1295, 0.1467, 0.1932, 0.1007, 0.1688, 0.1098, 0.1513],
        [0.1306, 0.1501, 0.1440, 0.1251, 0.1356, 0.1644, 0.1503],
        [0.1633, 0.1818, 0.1435, 0.1158, 0.1413, 0.1356, 0.1187],
        [0.1422, 0.1534, 0.1685, 0.0943, 0.1511, 0.1650, 0.1256],
        [0.1192, 0.2015, 0.1637, 0.1056, 0.1330, 0.1305, 0.1465],
        [0.1403, 0.1582, 0.1591, 0.1237, 0.1615, 0.1286, 0.1285],
        [0.1576, 0.1458, 0.1531, 0.1201, 0.1179, 0.1694, 0.1362]],
       device='cuda:0')

line 303 => train data수 7
line 258 => 인스턴스 수 1
=======test_loader=======
=======dev_loader=======
=======train_labeled_loader=======
=======finish=======
>>Epoch 3 Step 2 acc_test 0.071588 f1_test 0.030654 acc_val 0.174281 f1_val 0.077569 acc_train 0.285714 f1_train 0.183673 psl_cor 0 psl_totl 0 pslt_global 0.700000  Tim 0:01:54
acc_train_cw(현재 train의 class별 acc) [0.0, 1.0, 1.0, 0.0, 0.0, 0.0, 0.0]
cw_psl_total_eval(이전 pseudo label 클래스별 총 샘플 수):  [0, 0, 0, 0, 0, 0, 0]
cw_psl_correct_eval(이전 pseudo label 클래스별 맞은 샘플 수):  [0, 0, 0, 0, 0, 0, 0]
psl_acc(PSL 평가에서의 정확도): None 
cw_psl_acc(이전 클래스별 PSL 평가에서의 정확도):  [nan, nan, nan, nan, nan, nan, nan]
tensor([[0.1362, 0.1260, 0.1727, 0.1177, 0.1439, 0.1634, 0.1401],
        [0.1363, 0.1647, 0.1575, 0.0990, 0.1611, 0.1587, 0.1227],
        [0.1445, 0.1529, 0.1454, 0.1363, 0.1805, 0.1256, 0.1148],
        [0.1265, 0.1509, 0.1884, 0.1103, 0.1288, 0.1591, 0.1359],
        [0.1373, 0.1772, 0.1416, 0.1111, 0.1493, 0.1649, 0.1184],
        [0.1255, 0.1466, 0.1612, 0.1314, 0.1374, 0.1660, 0.1319],
        [0.1283, 0.1709, 0.1375, 0.1425, 0.1457, 0.1321, 0.1430]],
       device='cuda:0')

line 303 => train data수 7
line 258 => 인스턴스 수 1
=======test_loader=======
=======dev_loader=======
=======train_labeled_loader=======
=======finish=======
>>Epoch 4 Step 3 acc_test 0.062640 f1_test 0.020234 acc_val 0.186125 f1_val 0.076728 acc_train 0.285714 f1_train 0.183673 psl_cor 0 psl_totl 0 pslt_global 0.700000  Tim 0:02:42
acc_train_cw(현재 train의 class별 acc) [0.0, 1.0, 1.0, 0.0, 0.0, 0.0, 0.0]
cw_psl_total_eval(이전 pseudo label 클래스별 총 샘플 수):  [0, 0, 0, 0, 0, 0, 0]
cw_psl_correct_eval(이전 pseudo label 클래스별 맞은 샘플 수):  [0, 0, 0, 0, 0, 0, 0]
psl_acc(PSL 평가에서의 정확도): None 
cw_psl_acc(이전 클래스별 PSL 평가에서의 정확도):  [nan, nan, nan, nan, nan, nan, nan]
Save model to ./experiment/few_shot/output/
tensor([[0.1519, 0.1749, 0.1806, 0.1248, 0.1248, 0.1209, 0.1220],
        [0.1441, 0.1580, 0.1647, 0.1434, 0.1322, 0.1228, 0.1348],
        [0.1267, 0.1838, 0.1789, 0.1138, 0.1262, 0.1386, 0.1321],
        [0.1333, 0.1507, 0.1955, 0.0952, 0.1555, 0.1329, 0.1368],
        [0.0911, 0.1428, 0.1849, 0.1236, 0.1660, 0.1652, 0.1264],
        [0.1475, 0.1545, 0.1447, 0.0993, 0.1739, 0.1386, 0.1415],
        [0.1144, 0.1438, 0.1844, 0.1246, 0.1520, 0.1455, 0.1352]],
       device='cuda:0')

line 303 => train data수 7
line 258 => 인스턴스 수 1
=======test_loader=======
=======dev_loader=======
=======train_labeled_loader=======
=======finish=======
>>Epoch 5 Step 4 acc_test 0.060403 f1_test 0.016992 acc_val 0.187817 f1_val 0.070975 acc_train 0.285714 f1_train 0.183673 psl_cor 0 psl_totl 0 pslt_global 0.700000  Tim 0:03:36
acc_train_cw(현재 train의 class별 acc) [0.0, 1.0, 1.0, 0.0, 0.0, 0.0, 0.0]
cw_psl_total_eval(이전 pseudo label 클래스별 총 샘플 수):  [0, 0, 0, 0, 0, 0, 0]
cw_psl_correct_eval(이전 pseudo label 클래스별 맞은 샘플 수):  [0, 0, 0, 0, 0, 0, 0]
psl_acc(PSL 평가에서의 정확도): None 
cw_psl_acc(이전 클래스별 PSL 평가에서의 정확도):  [nan, nan, nan, nan, nan, nan, nan]
Save model to ./experiment/few_shot/output/
tensor([[0.1307, 0.1446, 0.1777, 0.1469, 0.1599, 0.1200, 0.1202],
        [0.1498, 0.1613, 0.1455, 0.1305, 0.1634, 0.1340, 0.1155],
        [0.1646, 0.1574, 0.1245, 0.1050, 0.1768, 0.1216, 0.1501],
        [0.1562, 0.1381, 0.1569, 0.1427, 0.1150, 0.1230, 0.1681],
        [0.1361, 0.1623, 0.1726, 0.1367, 0.1469, 0.1236, 0.1218],
        [0.1597, 0.1908, 0.1372, 0.1114, 0.1369, 0.1350, 0.1290],
        [0.1207, 0.1772, 0.1302, 0.1627, 0.1228, 0.1494, 0.1371]],
       device='cuda:0')

line 303 => train data수 7
line 258 => 인스턴스 수 1
=======test_loader=======
=======dev_loader=======
=======train_labeled_loader=======
=======finish=======
>>Epoch 6 Step 5 acc_test 0.060403 f1_test 0.016807 acc_val 0.192893 f1_val 0.070402 acc_train 0.285714 f1_train 0.183673 psl_cor 0 psl_totl 0 pslt_global 0.700000  Tim 0:04:30
acc_train_cw(현재 train의 class별 acc) [0.0, 1.0, 1.0, 0.0, 0.0, 0.0, 0.0]
cw_psl_total_eval(이전 pseudo label 클래스별 총 샘플 수):  [0, 0, 0, 0, 0, 0, 0]
cw_psl_correct_eval(이전 pseudo label 클래스별 맞은 샘플 수):  [0, 0, 0, 0, 0, 0, 0]
psl_acc(PSL 평가에서의 정확도): None 
cw_psl_acc(이전 클래스별 PSL 평가에서의 정확도):  [nan, nan, nan, nan, nan, nan, nan]
Save model to ./experiment/few_shot/output/
tensor([[0.1497, 0.1492, 0.1681, 0.1128, 0.1708, 0.1274, 0.1221],
        [0.1381, 0.1579, 0.1342, 0.1043, 0.1682, 0.1448, 0.1524],
        [0.1433, 0.1429, 0.1544, 0.1182, 0.1564, 0.1631, 0.1217],
        [0.1279, 0.1787, 0.1470, 0.1426, 0.1596, 0.1265, 0.1176],
        [0.1395, 0.1689, 0.1534, 0.1211, 0.1700, 0.1265, 0.1206],
        [0.1558, 0.1494, 0.1849, 0.1239, 0.1376, 0.1157, 0.1327],
        [0.1557, 0.1796, 0.1606, 0.1105, 0.1343, 0.1379, 0.1214]],
       device='cuda:0')

line 303 => train data수 7
line 258 => 인스턴스 수 1
=======test_loader=======
=======dev_loader=======
=======train_labeled_loader=======
=======finish=======
>>Epoch 7 Step 6 acc_test 0.064877 f1_test 0.022406 acc_val 0.201354 f1_val 0.082512 acc_train 0.428571 f1_train 0.333333 psl_cor 0 psl_totl 0 pslt_global 0.700000  Tim 0:05:24
acc_train_cw(현재 train의 class별 acc) [0.0, 1.0, 1.0, 0.0, 1.0, 0.0, 0.0]
cw_psl_total_eval(이전 pseudo label 클래스별 총 샘플 수):  [0, 0, 0, 0, 0, 0, 0]
cw_psl_correct_eval(이전 pseudo label 클래스별 맞은 샘플 수):  [0, 0, 0, 0, 0, 0, 0]
psl_acc(PSL 평가에서의 정확도): None 
cw_psl_acc(이전 클래스별 PSL 평가에서의 정확도):  [nan, nan, nan, nan, nan, nan, nan]
Save model to ./experiment/few_shot/output/
tensor([[0.1568, 0.1794, 0.1532, 0.1203, 0.1669, 0.1083, 0.1151],
        [0.1421, 0.1536, 0.1516, 0.1214, 0.1495, 0.1654, 0.1164],
        [0.1214, 0.1303, 0.1440, 0.1333, 0.1724, 0.1407, 0.1580],
        [0.1319, 0.1592, 0.1715, 0.1289, 0.1441, 0.1512, 0.1132],
        [0.1332, 0.1626, 0.1416, 0.1400, 0.1484, 0.1341, 0.1401],
        [0.1629, 0.1518, 0.1491, 0.1174, 0.1577, 0.1224, 0.1386],
        [0.1538, 0.1457, 0.1486, 0.1409, 0.1462, 0.1492, 0.1154]],
       device='cuda:0')

line 303 => train data수 7
line 258 => 인스턴스 수 1
=======test_loader=======
=======dev_loader=======
=======train_labeled_loader=======
=======finish=======
>>Epoch 8 Step 7 acc_test 0.087248 f1_test 0.045381 acc_val 0.204738 f1_val 0.102330 acc_train 0.428571 f1_train 0.295238 psl_cor 0 psl_totl 0 pslt_global 0.700000  Tim 0:06:18
acc_train_cw(현재 train의 class별 acc) [0.0, 1.0, 1.0, 0.0, 1.0, 0.0, 0.0]
cw_psl_total_eval(이전 pseudo label 클래스별 총 샘플 수):  [0, 0, 0, 0, 0, 0, 0]
cw_psl_correct_eval(이전 pseudo label 클래스별 맞은 샘플 수):  [0, 0, 0, 0, 0, 0, 0]
psl_acc(PSL 평가에서의 정확도): None 
cw_psl_acc(이전 클래스별 PSL 평가에서의 정확도):  [nan, nan, nan, nan, nan, nan, nan]
Save model to ./experiment/few_shot/output/
tensor([[0.1863, 0.1433, 0.1633, 0.1235, 0.1353, 0.1219, 0.1264],
        [0.1537, 0.1995, 0.1261, 0.1221, 0.1411, 0.1147, 0.1428],
        [0.1290, 0.1518, 0.1461, 0.1166, 0.1434, 0.1505, 0.1626],
        [0.1372, 0.1509, 0.1636, 0.1320, 0.1493, 0.1323, 0.1347],
        [0.1377, 0.1407, 0.1723, 0.1134, 0.1583, 0.1251, 0.1525],
        [0.1460, 0.1323, 0.1333, 0.1322, 0.1448, 0.1804, 0.1310],
        [0.1390, 0.1665, 0.1580, 0.1390, 0.1579, 0.1105, 0.1292]],
       device='cuda:0')

line 303 => train data수 7
line 258 => 인스턴스 수 1
=======test_loader=======
=======dev_loader=======
=======train_labeled_loader=======
=======finish=======
>>Epoch 9 Step 8 acc_test 0.118568 f1_test 0.069006 acc_val 0.211506 f1_val 0.112082 acc_train 0.571429 f1_train 0.485714 psl_cor 0 psl_totl 0 pslt_global 0.700000  Tim 0:07:12
acc_train_cw(현재 train의 class별 acc) [1.0, 1.0, 1.0, 0.0, 1.0, 0.0, 0.0]
cw_psl_total_eval(이전 pseudo label 클래스별 총 샘플 수):  [0, 0, 0, 0, 0, 0, 0]
cw_psl_correct_eval(이전 pseudo label 클래스별 맞은 샘플 수):  [0, 0, 0, 0, 0, 0, 0]
psl_acc(PSL 평가에서의 정확도): None 
cw_psl_acc(이전 클래스별 PSL 평가에서의 정확도):  [nan, nan, nan, nan, nan, nan, nan]
Save model to ./experiment/few_shot/output/
tensor([[0.1624, 0.1539, 0.1510, 0.1128, 0.1446, 0.1225, 0.1528],
        [0.1623, 0.1564, 0.1375, 0.1185, 0.1517, 0.1387, 0.1349],
        [0.1372, 0.1498, 0.1528, 0.1382, 0.1579, 0.1312, 0.1329],
        [0.1253, 0.1812, 0.1451, 0.1290, 0.1527, 0.1325, 0.1343],
        [0.1181, 0.1501, 0.1665, 0.1441, 0.1412, 0.1612, 0.1189],
        [0.1363, 0.1659, 0.1241, 0.1259, 0.1650, 0.1481, 0.1347],
        [0.1434, 0.1413, 0.1477, 0.1296, 0.1526, 0.1411, 0.1443]],
       device='cuda:0')

line 303 => train data수 7
line 258 => 인스턴스 수 1
=======test_loader=======
=======dev_loader=======
=======train_labeled_loader=======
=======finish=======
>>Epoch 10 Step 9 acc_test 0.131991 f1_test 0.078131 acc_val 0.223350 f1_val 0.130729 acc_train 0.571429 f1_train 0.485714 psl_cor 0 psl_totl 0 pslt_global 0.700000  Tim 0:08:06
acc_train_cw(현재 train의 class별 acc) [1.0, 1.0, 1.0, 0.0, 1.0, 0.0, 0.0]
cw_psl_total_eval(이전 pseudo label 클래스별 총 샘플 수):  [0, 0, 0, 0, 0, 0, 0]
cw_psl_correct_eval(이전 pseudo label 클래스별 맞은 샘플 수):  [0, 0, 0, 0, 0, 0, 0]
psl_acc(PSL 평가에서의 정확도): None 
cw_psl_acc(이전 클래스별 PSL 평가에서의 정확도):  [nan, nan, nan, nan, nan, nan, nan]
Save model to ./experiment/few_shot/output/
tensor([[0.1616, 0.1470, 0.1648, 0.1342, 0.1342, 0.1369, 0.1213],
        [0.1619, 0.1779, 0.1518, 0.1090, 0.1185, 0.1052, 0.1758],
        [0.1473, 0.1540, 0.1285, 0.1322, 0.1501, 0.1473, 0.1405],
        [0.1231, 0.1777, 0.1509, 0.1223, 0.1649, 0.1215, 0.1397],
        [0.1169, 0.1330, 0.1696, 0.1197, 0.1500, 0.1729, 0.1378],
        [0.1861, 0.1306, 0.1247, 0.1338, 0.1537, 0.1360, 0.1352],
        [0.1355, 0.1289, 0.1724, 0.1304, 0.1775, 0.1442, 0.1111]],
       device='cuda:0')

line 303 => train data수 7
line 258 => 인스턴스 수 1
=======test_loader=======
=======dev_loader=======
=======train_labeled_loader=======
=======finish=======
>>Epoch 11 Step 10 acc_test 0.134228 f1_test 0.077387 acc_val 0.219966 f1_val 0.134784 acc_train 0.571429 f1_train 0.485714 psl_cor 0 psl_totl 0 pslt_global 0.700000  Tim 0:09:01
acc_train_cw(현재 train의 class별 acc) [1.0, 1.0, 1.0, 0.0, 1.0, 0.0, 0.0]
cw_psl_total_eval(이전 pseudo label 클래스별 총 샘플 수):  [0, 0, 0, 0, 0, 0, 0]
cw_psl_correct_eval(이전 pseudo label 클래스별 맞은 샘플 수):  [0, 0, 0, 0, 0, 0, 0]
psl_acc(PSL 평가에서의 정확도): None 
cw_psl_acc(이전 클래스별 PSL 평가에서의 정확도):  [nan, nan, nan, nan, nan, nan, nan]
tensor([[0.1566, 0.1535, 0.1693, 0.1237, 0.1366, 0.1365, 0.1237],
        [0.1537, 0.1777, 0.1487, 0.1141, 0.1396, 0.1085, 0.1576],
        [0.1598, 0.1287, 0.1653, 0.0985, 0.1594, 0.1287, 0.1597],
        [0.1170, 0.1603, 0.1835, 0.1574, 0.1336, 0.1264, 0.1218],
        [0.1124, 0.1531, 0.1377, 0.1584, 0.1479, 0.1759, 0.1145],
        [0.1396, 0.1226, 0.1425, 0.1062, 0.1625, 0.1197, 0.2069],
        [0.1411, 0.1498, 0.1540, 0.1322, 0.1454, 0.1396, 0.1378]],
       device='cuda:0')

line 303 => train data수 7
line 258 => 인스턴스 수 1
=======test_loader=======
=======dev_loader=======
=======train_labeled_loader=======
=======finish=======
>>Epoch 12 Step 11 acc_test 0.136465 f1_test 0.078340 acc_val 0.213198 f1_val 0.112962 acc_train 0.714286 f1_train 0.642857 psl_cor 0 psl_totl 0 pslt_global 0.700000  Tim 0:09:49
acc_train_cw(현재 train의 class별 acc) [1.0, 1.0, 1.0, 0.0, 1.0, 0.0, 1.0]
cw_psl_total_eval(이전 pseudo label 클래스별 총 샘플 수):  [0, 0, 0, 0, 0, 0, 0]
cw_psl_correct_eval(이전 pseudo label 클래스별 맞은 샘플 수):  [0, 0, 0, 0, 0, 0, 0]
psl_acc(PSL 평가에서의 정확도): None 
cw_psl_acc(이전 클래스별 PSL 평가에서의 정확도):  [nan, nan, nan, nan, nan, nan, nan]
tensor([[0.1282, 0.1463, 0.1479, 0.1363, 0.1777, 0.1221, 0.1415],
        [0.1690, 0.1684, 0.1304, 0.1181, 0.1524, 0.1265, 0.1353],
        [0.1249, 0.1345, 0.1624, 0.1218, 0.1806, 0.1112, 0.1646],
        [0.1569, 0.1438, 0.1688, 0.1525, 0.1312, 0.1486, 0.0982],
        [0.0943, 0.1552, 0.1738, 0.1443, 0.1300, 0.1479, 0.1544],
        [0.1748, 0.1167, 0.1321, 0.1161, 0.1809, 0.1310, 0.1483],
        [0.1424, 0.1183, 0.1701, 0.1458, 0.1576, 0.1381, 0.1277]],
       device='cuda:0')

line 303 => train data수 7
line 258 => 인스턴스 수 1
=======test_loader=======
=======dev_loader=======
=======train_labeled_loader=======
=======finish=======
>>Epoch 13 Step 12 acc_test 0.131991 f1_test 0.082116 acc_val 0.196277 f1_val 0.091065 acc_train 0.714286 f1_train 0.642857 psl_cor 0 psl_totl 0 pslt_global 0.700000  Tim 0:10:38
acc_train_cw(현재 train의 class별 acc) [1.0, 1.0, 1.0, 0.0, 1.0, 0.0, 1.0]
cw_psl_total_eval(이전 pseudo label 클래스별 총 샘플 수):  [0, 0, 0, 0, 0, 0, 0]
cw_psl_correct_eval(이전 pseudo label 클래스별 맞은 샘플 수):  [0, 0, 0, 0, 0, 0, 0]
psl_acc(PSL 평가에서의 정확도): None 
cw_psl_acc(이전 클래스별 PSL 평가에서의 정확도):  [nan, nan, nan, nan, nan, nan, nan]
tensor([[0.1366, 0.1464, 0.1665, 0.1292, 0.1582, 0.1109, 0.1522],
        [0.1656, 0.1032, 0.1055, 0.1637, 0.1563, 0.1360, 0.1697],
        [0.1227, 0.1699, 0.1149, 0.1412, 0.1220, 0.1515, 0.1778],
        [0.1061, 0.1626, 0.1632, 0.1462, 0.1387, 0.1476, 0.1355],
        [0.1208, 0.1650, 0.1668, 0.1317, 0.1503, 0.1339, 0.1315],
        [0.1597, 0.1646, 0.1343, 0.1104, 0.1523, 0.1263, 0.1524],
        [0.1496, 0.1433, 0.1622, 0.1316, 0.1503, 0.1433, 0.1198]],
       device='cuda:0')

line 303 => train data수 7
line 258 => 인스턴스 수 1
=======test_loader=======
=======dev_loader=======
=======train_labeled_loader=======
=======finish=======
>>Epoch 14 Step 13 acc_test 0.129754 f1_test 0.083784 acc_val 0.167513 f1_val 0.080915 acc_train 0.714286 f1_train 0.642857 psl_cor 0 psl_totl 0 pslt_global 0.700000  Tim 0:11:27
acc_train_cw(현재 train의 class별 acc) [1.0, 1.0, 1.0, 0.0, 1.0, 0.0, 1.0]
cw_psl_total_eval(이전 pseudo label 클래스별 총 샘플 수):  [0, 0, 0, 0, 0, 0, 0]
cw_psl_correct_eval(이전 pseudo label 클래스별 맞은 샘플 수):  [0, 0, 0, 0, 0, 0, 0]
psl_acc(PSL 평가에서의 정확도): None 
cw_psl_acc(이전 클래스별 PSL 평가에서의 정확도):  [nan, nan, nan, nan, nan, nan, nan]
tensor([[0.1453, 0.1208, 0.1572, 0.1546, 0.1624, 0.1137, 0.1461],
        [0.1651, 0.1566, 0.1485, 0.0942, 0.1755, 0.1137, 0.1465],
        [0.1111, 0.1552, 0.1316, 0.1491, 0.1411, 0.1218, 0.1901],
        [0.1254, 0.1595, 0.1529, 0.1650, 0.1402, 0.1368, 0.1201],
        [0.1165, 0.1651, 0.1546, 0.1517, 0.1512, 0.1413, 0.1197],
        [0.1509, 0.1373, 0.1259, 0.1297, 0.1170, 0.1578, 0.1814],
        [0.0964, 0.1541, 0.1447, 0.1799, 0.1503, 0.1572, 0.1175]],
       device='cuda:0')

line 303 => train data수 7
line 258 => 인스턴스 수 1
=======test_loader=======
=======dev_loader=======
=======train_labeled_loader=======
=======finish=======
>>Epoch 15 Step 14 acc_test 0.131991 f1_test 0.089372 acc_val 0.148900 f1_val 0.077333 acc_train 0.857143 f1_train 0.809524 psl_cor 0 psl_totl 0 pslt_global 0.700000  Tim 0:12:16
acc_train_cw(현재 train의 class별 acc) [1.0, 1.0, 1.0, 0.0, 1.0, 1.0, 1.0]
cw_psl_total_eval(이전 pseudo label 클래스별 총 샘플 수):  [0, 0, 0, 0, 0, 0, 0]
cw_psl_correct_eval(이전 pseudo label 클래스별 맞은 샘플 수):  [0, 0, 0, 0, 0, 0, 0]
psl_acc(PSL 평가에서의 정확도): None 
cw_psl_acc(이전 클래스별 PSL 평가에서의 정확도):  [nan, nan, nan, nan, nan, nan, nan]
tensor([[0.1173, 0.1370, 0.1577, 0.1538, 0.1418, 0.1358, 0.1565],
        [0.1802, 0.1154, 0.1100, 0.1371, 0.1348, 0.1596, 0.1629],
        [0.1743, 0.1462, 0.1258, 0.1204, 0.1618, 0.1357, 0.1358],
        [0.1054, 0.1397, 0.1520, 0.1894, 0.1384, 0.1708, 0.1043],
        [0.1097, 0.1302, 0.1420, 0.1397, 0.1479, 0.2038, 0.1267],
        [0.1984, 0.1338, 0.1169, 0.1132, 0.1591, 0.1343, 0.1443],
        [0.1215, 0.1578, 0.1293, 0.1463, 0.1257, 0.1619, 0.1576]],
       device='cuda:0')

line 303 => train data수 7
line 258 => 인스턴스 수 1
=======test_loader=======
=======dev_loader=======
=======train_labeled_loader=======
=======finish=======
>>Epoch 16 Step 15 acc_test 0.138702 f1_test 0.104627 acc_val 0.135364 f1_val 0.079871 acc_train 1.000000 f1_train 1.000000 psl_cor 0 psl_totl 0 pslt_global 0.700000  Tim 0:13:05
acc_train_cw(현재 train의 class별 acc) [1.0, 1.0, 1.0, 1.0, 1.0, 1.0, 1.0]
cw_psl_total_eval(이전 pseudo label 클래스별 총 샘플 수):  [0, 0, 0, 0, 0, 0, 0]
cw_psl_correct_eval(이전 pseudo label 클래스별 맞은 샘플 수):  [0, 0, 0, 0, 0, 0, 0]
psl_acc(PSL 평가에서의 정확도): None 
cw_psl_acc(이전 클래스별 PSL 평가에서의 정확도):  [nan, nan, nan, nan, nan, nan, nan]
tensor([[0.1567, 0.1426, 0.1755, 0.1453, 0.1441, 0.1224, 0.1134],
        [0.1784, 0.1260, 0.1289, 0.1165, 0.1978, 0.1004, 0.1520],
        [0.1348, 0.1249, 0.1036, 0.1342, 0.1619, 0.1580, 0.1825],
        [0.1098, 0.1762, 0.1655, 0.1538, 0.1340, 0.1555, 0.1053],
        [0.0945, 0.1415, 0.1726, 0.1548, 0.1101, 0.1760, 0.1504],
        [0.1626, 0.1100, 0.1040, 0.1355, 0.1751, 0.1313, 0.1815],
        [0.1364, 0.1588, 0.1418, 0.1524, 0.1192, 0.1584, 0.1330]],
       device='cuda:0')

line 303 => train data수 7
line 258 => 인스턴스 수 1
=======test_loader=======
=======dev_loader=======
=======train_labeled_loader=======
=======finish=======
>>Epoch 17 Step 16 acc_test 0.129754 f1_test 0.097770 acc_val 0.137056 f1_val 0.092690 acc_train 1.000000 f1_train 1.000000 psl_cor 0 psl_totl 0 pslt_global 0.700000  Tim 0:13:53
acc_train_cw(현재 train의 class별 acc) [1.0, 1.0, 1.0, 1.0, 1.0, 1.0, 1.0]
cw_psl_total_eval(이전 pseudo label 클래스별 총 샘플 수):  [0, 0, 0, 0, 0, 0, 0]
cw_psl_correct_eval(이전 pseudo label 클래스별 맞은 샘플 수):  [0, 0, 0, 0, 0, 0, 0]
psl_acc(PSL 평가에서의 정확도): None 
cw_psl_acc(이전 클래스별 PSL 평가에서의 정확도):  [nan, nan, nan, nan, nan, nan, nan]
tensor([[0.1245, 0.1375, 0.1683, 0.1420, 0.1523, 0.1271, 0.1483],
        [0.1291, 0.1115, 0.0953, 0.1224, 0.1462, 0.1568, 0.2386],
        [0.1857, 0.1298, 0.1075, 0.1112, 0.1655, 0.1447, 0.1557],
        [0.1163, 0.1777, 0.1491, 0.1458, 0.1739, 0.1341, 0.1030],
        [0.1186, 0.1689, 0.1496, 0.1788, 0.1124, 0.1648, 0.1069],
        [0.1677, 0.1192, 0.1199, 0.0978, 0.1727, 0.1429, 0.1799],
        [0.1369, 0.1558, 0.1302, 0.1628, 0.1178, 0.1810, 0.1155]],
       device='cuda:0')

line 303 => train data수 7
line 258 => 인스턴스 수 1
=======test_loader=======
=======dev_loader=======
=======train_labeled_loader=======
=======finish=======
>>Epoch 18 Step 17 acc_test 0.127517 f1_test 0.102925 acc_val 0.123519 f1_val 0.089167 acc_train 1.000000 f1_train 1.000000 psl_cor 0 psl_totl 0 pslt_global 0.700000  Tim 0:14:43
acc_train_cw(현재 train의 class별 acc) [1.0, 1.0, 1.0, 1.0, 1.0, 1.0, 1.0]
cw_psl_total_eval(이전 pseudo label 클래스별 총 샘플 수):  [0, 0, 0, 0, 0, 0, 0]
cw_psl_correct_eval(이전 pseudo label 클래스별 맞은 샘플 수):  [0, 0, 0, 0, 0, 0, 0]
psl_acc(PSL 평가에서의 정확도): None 
cw_psl_acc(이전 클래스별 PSL 평가에서의 정확도):  [nan, nan, nan, nan, nan, nan, nan]
tensor([[0.1312, 0.1568, 0.1615, 0.1245, 0.1654, 0.1211, 0.1396],
        [0.1520, 0.1386, 0.1063, 0.1144, 0.1763, 0.1425, 0.1699],
        [0.1491, 0.1176, 0.1200, 0.1245, 0.1675, 0.1236, 0.1977],
        [0.1041, 0.1472, 0.1495, 0.1636, 0.1427, 0.1857, 0.1072],
        [0.1175, 0.1744, 0.1472, 0.1337, 0.1419, 0.1705, 0.1147],
        [0.1586, 0.1274, 0.0901, 0.1124, 0.1882, 0.1212, 0.2020],
        [0.1247, 0.1487, 0.1580, 0.1537, 0.1447, 0.1636, 0.1066]],
       device='cuda:0')

line 303 => train data수 7
line 258 => 인스턴스 수 1
=======test_loader=======
=======dev_loader=======
=======train_labeled_loader=======
=======finish=======
>>Epoch 19 Step 18 acc_test 0.118568 f1_test 0.096939 acc_val 0.118443 f1_val 0.087672 acc_train 1.000000 f1_train 1.000000 psl_cor 0 psl_totl 0 pslt_global 0.700000  Tim 0:15:31
acc_train_cw(현재 train의 class별 acc) [1.0, 1.0, 1.0, 1.0, 1.0, 1.0, 1.0]
cw_psl_total_eval(이전 pseudo label 클래스별 총 샘플 수):  [0, 0, 0, 0, 0, 0, 0]
cw_psl_correct_eval(이전 pseudo label 클래스별 맞은 샘플 수):  [0, 0, 0, 0, 0, 0, 0]
psl_acc(PSL 평가에서의 정확도): None 
cw_psl_acc(이전 클래스별 PSL 평가에서의 정확도):  [nan, nan, nan, nan, nan, nan, nan]
